2.445044070482254028e-01
2.125473171472549438e-01
3.019989132881164551e-01
3.806847035884857178e-01
3.653813898563385010e-01
3.433526456356048584e-01
3.956218063831329346e-01
4.377170801162719727e-01
4.665924608707427979e-01
5.083410143852233887e-01
5.311346054077148438e-01
5.350699424743652344e-01
5.391295552253723145e-01
5.354301929473876953e-01
5.206090211868286133e-01
5.224376916885375977e-01
5.384860634803771973e-01
5.427426099777221680e-01
5.420296192169189453e-01
5.508803129196166992e-01
5.616026520729064941e-01
5.662678480148315430e-01
5.689187645912170410e-01
5.664662718772888184e-01
5.662272572517395020e-01
5.707510113716125488e-01
5.776700973510742188e-01
5.830714702606201172e-01
5.871317982673645020e-01
5.895368456840515137e-01
5.936098098754882812e-01
5.972212553024291992e-01
6.038762927055358887e-01
6.094532608985900879e-01
6.142354607582092285e-01
6.238014101982116699e-01
6.319725513458251953e-01
6.383949518203735352e-01
6.465594172477722168e-01
6.526061296463012695e-01
6.558588147163391113e-01
6.547152996063232422e-01
6.563417911529541016e-01
6.530411839485168457e-01
6.511201858520507812e-01
6.524953842163085938e-01
6.572268605232238770e-01
6.671091914176940918e-01
6.707409024238586426e-01
6.728469729423522949e-01
6.728861927986145020e-01
6.706682443618774414e-01
6.737718582153320312e-01
6.804931163787841797e-01
6.869091987609863281e-01
6.935302615165710449e-01
6.969094872474670410e-01
6.972571015357971191e-01
6.983497142791748047e-01
6.983947753906250000e-01
7.025383114814758301e-01
7.089428305625915527e-01
7.121551036834716797e-01
7.156477570533752441e-01
7.164726257324218750e-01
7.165997624397277832e-01
7.145407795906066895e-01
7.183899879455566406e-01
7.147485017776489258e-01
7.182121276855468750e-01
7.247893214225769043e-01
7.273213267326354980e-01
7.308195829391479492e-01
7.340326309204101562e-01
7.385938167572021484e-01
7.416403293609619141e-01
7.408308982849121094e-01
7.439782619476318359e-01
7.478778362274169922e-01
7.469455599784851074e-01
7.474526762962341309e-01
7.497233152389526367e-01
7.524526715278625488e-01
7.518230080604553223e-01
7.550879716873168945e-01
7.532649040222167969e-01
7.554278969764709473e-01
7.589899897575378418e-01
7.611752152442932129e-01
7.634970545768737793e-01
7.658308148384094238e-01
7.678158879280090332e-01
7.678772211074829102e-01
7.688900828361511230e-01
7.706087827682495117e-01
7.708436250686645508e-01
7.699901461601257324e-01
7.696152925491333008e-01
7.691214084625244141e-01
7.672981619834899902e-01
7.669279575347900391e-01
7.672989368438720703e-01
7.705798149108886719e-01
7.732937335968017578e-01
7.750667929649353027e-01
7.756027579307556152e-01
7.775872945785522461e-01
7.789726853370666504e-01
7.776601910591125488e-01
7.773346304893493652e-01
7.801299095153808594e-01
7.830501794815063477e-01
7.837616205215454102e-01
7.817081809043884277e-01
7.832000851631164551e-01
7.852659225463867188e-01
7.816544771194458008e-01
7.795268297195434570e-01
7.760614156723022461e-01
7.792641520500183105e-01
7.824595570564270020e-01
7.825126051902770996e-01
7.857174873352050781e-01
7.856225371360778809e-01
7.812652587890625000e-01
7.804355025291442871e-01
7.850299477577209473e-01
7.887712121009826660e-01
7.888100743293762207e-01
7.899580597877502441e-01
7.895011305809020996e-01
7.911623716354370117e-01
7.925991415977478027e-01
7.938875555992126465e-01
7.935776114463806152e-01
7.940415740013122559e-01
7.928878068923950195e-01
7.917132973670959473e-01
7.903136610984802246e-01
7.860903739929199219e-01
7.882914543151855469e-01
7.922633886337280273e-01
7.918421626091003418e-01
7.903882861137390137e-01
7.945532202720642090e-01
7.954062819480895996e-01
7.941164374351501465e-01
7.923313975334167480e-01
7.936393022537231445e-01
7.949383854866027832e-01
7.939962148666381836e-01
7.965670824050903320e-01
7.955707907676696777e-01
7.972845435142517090e-01
7.954039573669433594e-01
7.955722808837890625e-01
7.930201888084411621e-01
7.929304242134094238e-01
7.939364910125732422e-01
7.936525940895080566e-01
7.941050529479980469e-01
7.976729273796081543e-01
7.986256480216979980e-01
7.990180850028991699e-01
7.959863543510437012e-01
7.967877388000488281e-01
7.983643412590026855e-01
7.986019253730773926e-01
7.947849035263061523e-01
7.963639497756958008e-01
7.980166077613830566e-01
8.002441525459289551e-01
8.006016612052917480e-01
8.003919720649719238e-01
8.025593757629394531e-01
8.044984936714172363e-01
8.034168481826782227e-01
8.041756749153137207e-01
8.026642799377441406e-01
8.020322322845458984e-01
7.991363406181335449e-01
7.987366914749145508e-01
8.044470548629760742e-01
8.066058158874511719e-01
8.088203072547912598e-01
8.069318532943725586e-01
8.035978674888610840e-01
8.046157360076904297e-01
7.970031499862670898e-01
7.909475564956665039e-01
7.957629561424255371e-01
7.960873246192932129e-01
7.966901659965515137e-01
8.050596117973327637e-01
8.054168820381164551e-01
8.053269982337951660e-01
8.103359341621398926e-01
8.054280877113342285e-01
8.020170927047729492e-01
8.085803985595703125e-01
8.073307871818542480e-01
8.024628758430480957e-01
8.050752282142639160e-01
8.007895350456237793e-01
7.955935597419738770e-01
8.040009140968322754e-01
8.123622536659240723e-01
8.122697472572326660e-01
8.145334124565124512e-01
8.085185289382934570e-01
8.037544488906860352e-01
8.077289462089538574e-01
8.043704628944396973e-01
8.008747696876525879e-01
8.053963184356689453e-01
8.050772547721862793e-01
8.057448267936706543e-01
8.122382760047912598e-01
8.114687800407409668e-01
8.109242916107177734e-01
8.097826242446899414e-01
8.109390139579772949e-01
8.141285181045532227e-01
8.135944604873657227e-01
8.098863363265991211e-01
8.059025406837463379e-01
8.061458468437194824e-01
8.097485899925231934e-01
8.110823035240173340e-01
8.090559840202331543e-01
8.104655742645263672e-01
8.091277480125427246e-01
8.059152960777282715e-01
8.026347160339355469e-01
8.038451671600341797e-01
8.088523745536804199e-01
8.118945956230163574e-01
8.127408027648925781e-01
8.111770153045654297e-01
8.061337471008300781e-01
8.085377216339111328e-01
8.118935227394104004e-01
8.126078844070434570e-01
8.121606707572937012e-01
8.057997226715087891e-01
8.056961297988891602e-01
8.097611665725708008e-01
8.127231001853942871e-01
8.119952678680419922e-01
8.116662502288818359e-01
8.149023056030273438e-01
8.174458742141723633e-01
8.187705874443054199e-01
8.207023143768310547e-01
8.176951408386230469e-01
8.172193169593811035e-01
8.195494413375854492e-01
8.183694481849670410e-01
8.157652616500854492e-01
8.087968230247497559e-01
8.074592351913452148e-01
8.093164563179016113e-01
8.110600709915161133e-01
8.091355562210083008e-01
8.097711205482482910e-01
8.133171796798706055e-01
8.175276517868041992e-01
8.177574872970581055e-01
8.181875348091125488e-01
8.192707300186157227e-01
8.169817328453063965e-01
8.173112273216247559e-01
8.167017102241516113e-01
8.193663358688354492e-01
8.170563578605651855e-01
8.151521682739257812e-01
8.155519366264343262e-01
8.165223002433776855e-01
8.165936470031738281e-01
8.159919977188110352e-01
8.124909400939941406e-01
8.137127161026000977e-01
8.190913796424865723e-01
8.188757300376892090e-01
8.160701990127563477e-01
8.149186372756958008e-01
8.168461918830871582e-01
8.188090920448303223e-01
8.180108070373535156e-01
8.177055120468139648e-01
8.187401294708251953e-01
8.213681578636169434e-01
8.227394223213195801e-01
8.202528953552246094e-01
8.205349445343017578e-01
8.188760876655578613e-01
8.171932101249694824e-01
8.145174980163574219e-01
8.151891827583312988e-01
8.175613880157470703e-01
8.147034049034118652e-01
8.167197704315185547e-01
8.173805475234985352e-01
8.179759979248046875e-01
8.203673362731933594e-01
8.196170330047607422e-01
8.230940103530883789e-01
8.243502378463745117e-01
8.235502243041992188e-01
8.221560716629028320e-01
8.216533660888671875e-01
8.221395015716552734e-01
8.192538022994995117e-01
8.159671425819396973e-01
8.161283135414123535e-01
8.201835751533508301e-01
8.202570080757141113e-01
8.208646774291992188e-01
8.220409154891967773e-01
8.182111382484436035e-01
8.184214234352111816e-01
8.215917944908142090e-01
8.225184082984924316e-01
8.200849294662475586e-01
8.217938542366027832e-01
8.224021792411804199e-01
8.211100697517395020e-01
8.205490112304687500e-01
8.227062225341796875e-01
8.272029161453247070e-01
8.283545374870300293e-01
8.285554051399230957e-01
8.257114291191101074e-01
8.226958513259887695e-01
8.247302770614624023e-01
8.237268328666687012e-01
8.222828507423400879e-01
8.164847493171691895e-01
8.156996369361877441e-01
8.185504078865051270e-01
8.184969425201416016e-01
8.192590475082397461e-01
8.209959864616394043e-01
8.256169557571411133e-01
8.283616304397583008e-01
8.278364539146423340e-01
8.261156082153320312e-01
8.251813650131225586e-01
8.224234580993652344e-01
8.209451436996459961e-01
8.198711872100830078e-01
8.211181759834289551e-01
8.250612616539001465e-01
8.258045911788940430e-01
8.223390579223632812e-01
8.214150071144104004e-01
8.254128098487854004e-01
8.277467489242553711e-01
8.266780376434326172e-01
8.258699774742126465e-01
8.258461952209472656e-01
8.221704363822937012e-01
8.202309012413024902e-01
8.186705708503723145e-01
8.198029994964599609e-01
8.237324357032775879e-01
8.284314870834350586e-01
8.300828337669372559e-01
8.296099305152893066e-01
8.274618983268737793e-01
8.267038464546203613e-01
8.294771313667297363e-01
8.276170492172241211e-01
8.283428549766540527e-01
8.292515277862548828e-01
8.272641897201538086e-01
8.264923095703125000e-01
8.237398862838745117e-01
8.229582905769348145e-01
8.258306980133056641e-01
8.286008834838867188e-01
8.295230269432067871e-01
8.271052837371826172e-01
8.275414705276489258e-01
8.293884396553039551e-01
8.285038471221923828e-01
8.279396295547485352e-01
8.288132548332214355e-01
8.307026028633117676e-01
8.311835527420043945e-01
8.315604925155639648e-01
8.261092305183410645e-01
8.252210021018981934e-01
8.302442431449890137e-01
8.290817737579345703e-01
8.270629644393920898e-01
8.243571519851684570e-01
8.234431743621826172e-01
8.262806534767150879e-01
8.284588456153869629e-01
