6.029639393091201782e-02
1.554882526397705078e-01
3.388630151748657227e-01
5.035989284515380859e-01
5.952010154724121094e-01
6.267538070678710938e-01
6.402130722999572754e-01
6.479719281196594238e-01
6.530247330665588379e-01
6.388673782348632812e-01
6.076560616493225098e-01
6.090304255485534668e-01
6.372520923614501953e-01
6.802834868431091309e-01
7.179553508758544922e-01
7.252719998359680176e-01
7.287451624870300293e-01
7.376793026924133301e-01
7.338180541992187500e-01
7.164236903190612793e-01
7.184400558471679688e-01
7.440385222434997559e-01
7.598233819007873535e-01
7.603444457054138184e-01
7.540972232818603516e-01
7.452508211135864258e-01
7.483787536621093750e-01
7.608492970466613770e-01
7.628374099731445312e-01
7.707217335700988770e-01
7.735495567321777344e-01
7.653619647026062012e-01
7.766526341438293457e-01
7.690372467041015625e-01
7.785025238990783691e-01
7.870666384696960449e-01
7.836265563964843750e-01
7.723297476768493652e-01
7.871206402778625488e-01
8.028503656387329102e-01
8.039937615394592285e-01
7.892723679542541504e-01
7.855485677719116211e-01
7.997511625289916992e-01
8.053659796714782715e-01
7.991655468940734863e-01
7.977715730667114258e-01
8.073119521141052246e-01
8.076504468917846680e-01
8.052800297737121582e-01
8.131020665168762207e-01
8.120012879371643066e-01
8.033216595649719238e-01
8.113809227943420410e-01
8.262238502502441406e-01
8.278921842575073242e-01
8.237973451614379883e-01
8.109458684921264648e-01
8.132560849189758301e-01
8.241509795188903809e-01
8.245689868927001953e-01
8.176821470260620117e-01
8.227995038032531738e-01
8.311520218849182129e-01
8.308838009834289551e-01
8.217562437057495117e-01
8.272356986999511719e-01
8.357982635498046875e-01
8.328577876091003418e-01
8.233422040939331055e-01
8.315863609313964844e-01
8.388165831565856934e-01
8.340867757797241211e-01
8.314707279205322266e-01
8.381493687629699707e-01
8.393340706825256348e-01
8.344078063964843750e-01
8.416149020195007324e-01
8.380895853042602539e-01
8.399170041084289551e-01
8.465034365653991699e-01
8.449895977973937988e-01
8.350875377655029297e-01
8.411858081817626953e-01
8.509356975555419922e-01
8.501313328742980957e-01
8.434436321258544922e-01
8.460958003997802734e-01
8.514225482940673828e-01
8.491382598876953125e-01
8.475672602653503418e-01
8.546015024185180664e-01
8.537380695343017578e-01
8.433822393417358398e-01
8.486315011978149414e-01
8.588853478431701660e-01
8.586341142654418945e-01
8.479514122009277344e-01
8.499473929405212402e-01
8.615750670433044434e-01
8.628710508346557617e-01
8.581249713897705078e-01
8.424503803253173828e-01
8.444952368736267090e-01
8.603766560554504395e-01
8.645847439765930176e-01
8.646147847175598145e-01
8.573565483093261719e-01
8.610888123512268066e-01
8.593536019325256348e-01
8.591768145561218262e-01
8.624527454376220703e-01
8.686880469322204590e-01
8.706219792366027832e-01
8.675350546836853027e-01
8.527418375015258789e-01
8.522275090217590332e-01
8.640843629837036133e-01
8.712750077247619629e-01
8.727332949638366699e-01
8.702377080917358398e-01
8.579704761505126953e-01
8.584095835685729980e-01
8.716230988502502441e-01
8.746894001960754395e-01
8.720932006835937500e-01
8.581935763359069824e-01
8.565432429313659668e-01
8.685832023620605469e-01
8.791850805282592773e-01
8.801161050796508789e-01
8.804748058319091797e-01
8.767262697219848633e-01
8.605529665946960449e-01
8.569031953811645508e-01
8.656870126724243164e-01
8.766198158264160156e-01
8.799754381179809570e-01
8.777782917022705078e-01
8.750120997428894043e-01
8.801653385162353516e-01
8.779679536819458008e-01
8.719109296798706055e-01
8.764300942420959473e-01
8.797030448913574219e-01
8.806015253067016602e-01
8.785693049430847168e-01
8.818961977958679199e-01
8.772230744361877441e-01
8.805254697799682617e-01
8.860831260681152344e-01
8.860009908676147461e-01
8.802735805511474609e-01
8.816813826560974121e-01
8.820454478263854980e-01
8.822532296180725098e-01
8.866178989410400391e-01
8.870338201522827148e-01
8.785595893859863281e-01
8.807067275047302246e-01
8.894367814064025879e-01
8.900117278099060059e-01
8.845052123069763184e-01
8.868291378021240234e-01
8.889299035072326660e-01
8.870068788528442383e-01
8.869861364364624023e-01
8.875692486763000488e-01
8.933781981468200684e-01
8.944740891456604004e-01
8.919878602027893066e-01
8.782805204391479492e-01
8.774656057357788086e-01
8.876537084579467773e-01
8.954203724861145020e-01
8.942688703536987305e-01
8.927301764488220215e-01
8.917931914329528809e-01
8.942864537239074707e-01
8.902042508125305176e-01
8.943948149681091309e-01
8.906790614128112793e-01
8.953844904899597168e-01
8.954454064369201660e-01
8.918408155441284180e-01
8.940545916557312012e-01
8.929870128631591797e-01
8.954889178276062012e-01
8.925363421440124512e-01
8.949925303459167480e-01
8.999440670013427734e-01
9.006950259208679199e-01
9.009110331535339355e-01
8.900281190872192383e-01
8.857323527336120605e-01
8.951678872108459473e-01
9.019393920898437500e-01
9.024552702903747559e-01
9.018875360488891602e-01
8.940842151641845703e-01
8.931151032447814941e-01
8.983078598976135254e-01
8.976764678955078125e-01
8.969354033470153809e-01
8.978127241134643555e-01
8.961157798767089844e-01
8.976655602455139160e-01
9.025425314903259277e-01
9.043343067169189453e-01
9.008287191390991211e-01
8.917378187179565430e-01
8.944969773292541504e-01
9.040232300758361816e-01
9.053656458854675293e-01
8.987976908683776855e-01
8.970093131065368652e-01
9.023853540420532227e-01
9.035168886184692383e-01
8.978258967399597168e-01
8.998049497604370117e-01
9.056462645530700684e-01
9.059201478958129883e-01
8.994675874710083008e-01
8.986229896545410156e-01
9.044583439826965332e-01
9.057177305221557617e-01
9.007386565208435059e-01
9.021136164665222168e-01
9.068473577499389648e-01
9.049425721168518066e-01
8.967928886413574219e-01
8.991845846176147461e-01
9.083223938941955566e-01
9.088806509971618652e-01
9.036931991577148438e-01
9.042457342147827148e-01
9.087463617324829102e-01
9.082412719726562500e-01
9.038576483726501465e-01
9.057709574699401855e-01
9.057559967041015625e-01
9.040645956993103027e-01
9.037674665451049805e-01
9.079041481018066406e-01
9.099879264831542969e-01
9.086326956748962402e-01
8.985582590103149414e-01
8.971906900405883789e-01
9.071636795997619629e-01
9.126157164573669434e-01
9.115782976150512695e-01
9.122096300125122070e-01
9.101618528366088867e-01
8.981046080589294434e-01
8.933286070823669434e-01
8.976255655288696289e-01
9.060359001159667969e-01
9.112894535064697266e-01
9.115757942199707031e-01
9.120800495147705078e-01
9.109363555908203125e-01
9.006054997444152832e-01
8.983125090599060059e-01
9.040685892105102539e-01
9.098810553550720215e-01
9.123411178588867188e-01
9.080849885940551758e-01
9.095391631126403809e-01
9.141355156898498535e-01
9.136462807655334473e-01
9.119374155998229980e-01
9.092124104499816895e-01
9.076133370399475098e-01
9.114744067192077637e-01
9.159878492355346680e-01
9.158165454864501953e-01
9.151374101638793945e-01
9.096261262893676758e-01
9.102190136909484863e-01
9.134327769279479980e-01
9.115386605262756348e-01
9.090953469276428223e-01
9.123476147651672363e-01
9.160667061805725098e-01
9.162975549697875977e-01
9.130625128746032715e-01
9.151377677917480469e-01
9.128180742263793945e-01
9.148350954055786133e-01
9.169919490814208984e-01
9.150974750518798828e-01
9.104813337326049805e-01
9.146642088890075684e-01
9.191465973854064941e-01
9.190202355384826660e-01
9.151145815849304199e-01
9.135411977767944336e-01
9.171774387359619141e-01
9.171676039695739746e-01
9.097955226898193359e-01
9.110312461853027344e-01
9.194018244743347168e-01
9.191173315048217773e-01
9.130269885063171387e-01
9.140568375587463379e-01
9.201464653015136719e-01
9.200766682624816895e-01
9.158165454864501953e-01
9.166741371154785156e-01
9.193485379219055176e-01
9.185999035835266113e-01
9.144296050071716309e-01
9.182050228118896484e-01
9.215068221092224121e-01
9.214193820953369141e-01
9.170887470245361328e-01
9.198628664016723633e-01
9.203549027442932129e-01
9.173643589019775391e-01
9.195395708084106445e-01
9.228793978691101074e-01
9.219928979873657227e-01
9.210247397422790527e-01
9.148936271667480469e-01
9.134404063224792480e-01
9.154887795448303223e-01
9.219041466712951660e-01
9.228058457374572754e-01
9.201492071151733398e-01
9.112426638603210449e-01
9.131185412406921387e-01
9.210310578346252441e-01
9.205938577651977539e-01
9.184965491294860840e-01
9.199956059455871582e-01
9.247187972068786621e-01
9.254725575447082520e-01
9.256728291511535645e-01
9.208500385284423828e-01
9.196805357933044434e-01
9.230550527572631836e-01
9.261712431907653809e-01
9.258050918579101562e-01
9.246092438697814941e-01
9.170883893966674805e-01
9.155290722846984863e-01
9.194036722183227539e-01
9.244638681411743164e-01
9.246246814727783203e-01
9.224073886871337891e-01
9.254334568977355957e-01
9.231920838356018066e-01
9.246796369552612305e-01
9.236892461776733398e-01
9.256508946418762207e-01
9.267450571060180664e-01
9.238957166671752930e-01
9.250940680503845215e-01
9.231611490249633789e-01
9.270099401473999023e-01
9.267134070396423340e-01
9.217239022254943848e-01
9.250223040580749512e-01
9.292261004447937012e-01
9.282452464103698730e-01
9.256548285484313965e-01
9.250259399414062500e-01
9.265511035919189453e-01
9.241311550140380859e-01
9.272848367691040039e-01
9.275704622268676758e-01
9.250995516777038574e-01
9.246907234191894531e-01
9.283611178398132324e-01
9.289752840995788574e-01
9.263157844543457031e-01
9.233189821243286133e-01
9.274194836616516113e-01
9.296481013298034668e-01
9.271476864814758301e-01
9.237128496170043945e-01
9.274492263793945312e-01
9.309204816818237305e-01
9.297980070114135742e-01
9.226592779159545898e-01
9.231792092323303223e-01
9.302389025688171387e-01
9.311282038688659668e-01
9.260887503623962402e-01
9.255253076553344727e-01
9.293166399002075195e-01
9.300435781478881836e-01
9.274655580520629883e-01
9.268569350242614746e-01
9.293827414512634277e-01
9.294431805610656738e-01
9.271721243858337402e-01
9.283373355865478516e-01
9.289081692695617676e-01
9.283785820007324219e-01
