1.511664986610412598e-01
1.066500097513198853e-01
8.620981127023696899e-02
1.571037173271179199e-01
2.638004422187805176e-01
4.199321269989013672e-01
5.697213411331176758e-01
6.338618993759155273e-01
6.403873562812805176e-01
6.687425971031188965e-01
6.904835700988769531e-01
6.978123784065246582e-01
6.537021398544311523e-01
6.241815090179443359e-01
6.172573566436767578e-01
6.265352368354797363e-01
6.350793838500976562e-01
6.198499202728271484e-01
6.080631017684936523e-01
6.140092015266418457e-01
6.248783469200134277e-01
6.312114596366882324e-01
6.408750414848327637e-01
6.452059149742126465e-01
6.423801183700561523e-01
6.613948345184326172e-01
6.914653778076171875e-01
7.018213868141174316e-01
7.094077467918395996e-01
7.172018289566040039e-01
7.115476727485656738e-01
7.144456505775451660e-01
7.265183925628662109e-01
7.269784808158874512e-01
7.258962988853454590e-01
7.208924293518066406e-01
7.152974605560302734e-01
7.237059473991394043e-01
7.297548055648803711e-01
7.334674596786499023e-01
7.375087738037109375e-01
7.414765357971191406e-01
7.539771199226379395e-01
7.589704990386962891e-01
7.606458663940429688e-01
7.560203671455383301e-01
7.493076324462890625e-01
7.597780823707580566e-01
7.709000706672668457e-01
7.744757533073425293e-01
7.807175517082214355e-01
7.887994647026062012e-01
7.906342148780822754e-01
7.928500175476074219e-01
7.912288308143615723e-01
7.864233255386352539e-01
7.877821326255798340e-01
7.889057993888854980e-01
7.980214357376098633e-01
8.077728748321533203e-01
8.183286786079406738e-01
8.172326683998107910e-01
8.204315900802612305e-01
8.164646029472351074e-01
8.121365308761596680e-01
8.110919594764709473e-01
8.172258734703063965e-01
8.248593211174011230e-01
8.220978975296020508e-01
8.275732398033142090e-01
8.324062228202819824e-01
8.364390134811401367e-01
8.280888795852661133e-01
8.309789896011352539e-01
8.346324563026428223e-01
8.341538906097412109e-01
8.341867327690124512e-01
8.306610584259033203e-01
8.383052349090576172e-01
8.411082029342651367e-01
8.443971872329711914e-01
8.511621952056884766e-01
8.397686481475830078e-01
8.397058844566345215e-01
8.505718111991882324e-01
8.493644595146179199e-01
8.477908372879028320e-01
8.411753177642822266e-01
8.425120115280151367e-01
8.484187722206115723e-01
8.495854139328002930e-01
8.472348451614379883e-01
8.425076603889465332e-01
8.473526835441589355e-01
8.465907573699951172e-01
8.497431874275207520e-01
8.551573157310485840e-01
8.493887186050415039e-01
8.525339961051940918e-01
8.566384911537170410e-01
8.573440909385681152e-01
8.533106446266174316e-01
8.568664193153381348e-01
8.633050918579101562e-01
8.637693524360656738e-01
8.656059503555297852e-01
8.558871746063232422e-01
8.567230701446533203e-01
8.640124201774597168e-01
8.609825372695922852e-01
8.598820567131042480e-01
8.484849929809570312e-01
8.463857769966125488e-01
8.550851345062255859e-01
8.589743971824645996e-01
8.623897433280944824e-01
8.626481294631958008e-01
8.663304448127746582e-01
8.710343241691589355e-01
8.674193620681762695e-01
8.623998165130615234e-01
8.578500151634216309e-01
8.607416152954101562e-01
8.653091788291931152e-01
8.613728284835815430e-01
8.632721900939941406e-01
8.666472434997558594e-01
8.690867424011230469e-01
8.691387772560119629e-01
8.728801012039184570e-01
8.798922300338745117e-01
8.759542703628540039e-01
8.772270679473876953e-01
8.680244684219360352e-01
8.626837134361267090e-01
8.672552704811096191e-01
8.696789741516113281e-01
8.698772192001342773e-01
8.739966154098510742e-01
8.731626868247985840e-01
8.656334280967712402e-01
8.646761775016784668e-01
8.659758567810058594e-01
8.626615405082702637e-01
8.714125752449035645e-01
8.799688220024108887e-01
8.819409012794494629e-01
8.782672286033630371e-01
8.723022341728210449e-01
8.705915808677673340e-01
8.719989657402038574e-01
8.646262288093566895e-01
8.669787645339965820e-01
8.759472370147705078e-01
8.792880773544311523e-01
8.753046393394470215e-01
8.724857568740844727e-01
8.727007508277893066e-01
8.737636208534240723e-01
8.687812089920043945e-01
8.695433735847473145e-01
8.718706369400024414e-01
8.750182390213012695e-01
8.751808404922485352e-01
8.724102377891540527e-01
8.752342462539672852e-01
8.788477778434753418e-01
8.764450550079345703e-01
8.754362463951110840e-01
8.764967322349548340e-01
8.796952366828918457e-01
8.719129562377929688e-01
8.720221519470214844e-01
8.789699673652648926e-01
8.810035586357116699e-01
8.774976730346679688e-01
8.719469904899597168e-01
8.782285451889038086e-01
8.784558176994323730e-01
8.773751258850097656e-01
8.756511807441711426e-01
8.773236870765686035e-01
8.831887841224670410e-01
8.826271891593933105e-01
8.799937963485717773e-01
8.735321760177612305e-01
8.729560375213623047e-01
8.731976151466369629e-01
8.801738023757934570e-01
8.814542889595031738e-01
8.823157548904418945e-01
8.867510557174682617e-01
8.845562934875488281e-01
8.798298239707946777e-01
8.778243064880371094e-01
8.742042779922485352e-01
8.805668950080871582e-01
8.886822462081909180e-01
8.868719339370727539e-01
8.889971375465393066e-01
8.805128335952758789e-01
8.779484033584594727e-01
8.814448714256286621e-01
8.843153119087219238e-01
8.816075325012207031e-01
8.845573067665100098e-01
8.889827728271484375e-01
8.871715068817138672e-01
8.886737823486328125e-01
8.771942853927612305e-01
8.746907711029052734e-01
8.780460357666015625e-01
8.789598941802978516e-01
8.802661895751953125e-01
8.795059323310852051e-01
8.871780037879943848e-01
8.946569561958312988e-01
8.947141170501708984e-01
8.888325691223144531e-01
8.794322609901428223e-01
8.744857311248779297e-01
8.772249817848205566e-01
8.741681575775146484e-01
8.746887445449829102e-01
8.827855587005615234e-01
8.876776099205017090e-01
8.941960334777832031e-01
8.945726156234741211e-01
8.904786109924316406e-01
8.856087327003479004e-01
8.777628540992736816e-01
8.755187392234802246e-01
8.807540535926818848e-01
8.750783205032348633e-01
8.754111528396606445e-01
8.860900998115539551e-01
8.880708813667297363e-01
8.866485357284545898e-01
8.939515948295593262e-01
8.932463526725769043e-01
8.894826769828796387e-01
8.959962129592895508e-01
8.952128291130065918e-01
8.889527320861816406e-01
8.889565467834472656e-01
8.835927248001098633e-01
8.808476924896240234e-01
8.843168616294860840e-01
8.845128417015075684e-01
8.876496553421020508e-01
8.885971307754516602e-01
8.901663422584533691e-01
8.943410515785217285e-01
8.948146700859069824e-01
8.954926729202270508e-01
8.885091543197631836e-01
8.891661763191223145e-01
8.914631605148315430e-01
8.908267021179199219e-01
8.877487182617187500e-01
8.900303840637207031e-01
8.946533203125000000e-01
8.931548595428466797e-01
8.934748768806457520e-01
8.849390149116516113e-01
8.836866021156311035e-01
8.875792026519775391e-01
8.884863257408142090e-01
8.903049230575561523e-01
8.991322517395019531e-01
8.908404111862182617e-01
8.868460059165954590e-01
8.981817960739135742e-01
9.021497368812561035e-01
8.935184478759765625e-01
8.936151862144470215e-01
8.962895870208740234e-01
8.806646466255187988e-01
8.740615248680114746e-01
8.817591667175292969e-01
8.885713219642639160e-01
8.933637738227844238e-01
9.012052416801452637e-01
8.970787525177001953e-01
8.979223966598510742e-01
9.030127525329589844e-01
8.976587653160095215e-01
8.930853605270385742e-01
8.858383893966674805e-01
8.854938745498657227e-01
8.885756731033325195e-01
8.927482366561889648e-01
8.951792120933532715e-01
8.944823145866394043e-01
8.998825550079345703e-01
8.977271914482116699e-01
8.953987956047058105e-01
8.853440284729003906e-01
8.865758180618286133e-01
8.890516757965087891e-01
8.880870342254638672e-01
8.897784948348999023e-01
8.939428925514221191e-01
8.951078057289123535e-01
8.962025642395019531e-01
9.011381268501281738e-01
8.984254598617553711e-01
8.950622081756591797e-01
8.890443444252014160e-01
8.910828828811645508e-01
8.945927023887634277e-01
8.973525762557983398e-01
8.996214270591735840e-01
8.933990597724914551e-01
8.932203650474548340e-01
8.883169293403625488e-01
8.897789120674133301e-01
8.963667750358581543e-01
8.969760537147521973e-01
8.998389840126037598e-01
9.011592864990234375e-01
9.021915197372436523e-01
8.972520828247070312e-01
8.873680830001831055e-01
8.861924409866333008e-01
8.916567564010620117e-01
8.938153982162475586e-01
8.922743201255798340e-01
8.950056433677673340e-01
9.021139740943908691e-01
9.008605480194091797e-01
9.023258090019226074e-01
8.950304388999938965e-01
8.921142220497131348e-01
8.981825709342956543e-01
8.949184417724609375e-01
8.975234627723693848e-01
8.956698775291442871e-01
8.969939947128295898e-01
8.990944027900695801e-01
8.900058865547180176e-01
8.901299238204956055e-01
8.923475146293640137e-01
8.965395092964172363e-01
8.997368812561035156e-01
9.003507494926452637e-01
8.913213610649108887e-01
8.878992199897766113e-01
8.964094519615173340e-01
9.009197354316711426e-01
9.025496840476989746e-01
8.986706733703613281e-01
8.971638083457946777e-01
8.973916769027709961e-01
8.951060771942138672e-01
8.941046595573425293e-01
8.977732658386230469e-01
8.953219652175903320e-01
8.958017826080322266e-01
9.031161665916442871e-01
8.987340927124023438e-01
8.944371938705444336e-01
9.022121429443359375e-01
9.081655144691467285e-01
8.974780440330505371e-01
8.948586583137512207e-01
8.969420194625854492e-01
8.895887732505798340e-01
8.854474425315856934e-01
8.939455747604370117e-01
8.976615667343139648e-01
8.973675966262817383e-01
9.021761417388916016e-01
8.946844339370727539e-01
8.925752043724060059e-01
9.005692005157470703e-01
8.995261192321777344e-01
8.934198617935180664e-01
9.003977179527282715e-01
9.057212471961975098e-01
8.927236795425415039e-01
8.878079056739807129e-01
8.970120549201965332e-01
9.003972411155700684e-01
8.969287276268005371e-01
9.007973074913024902e-01
8.992032408714294434e-01
8.982496857643127441e-01
9.058271050453186035e-01
9.050816297531127930e-01
9.002915024757385254e-01
8.950999975204467773e-01
8.956511616706848145e-01
8.996646404266357422e-01
9.019377827644348145e-01
8.998740911483764648e-01
9.001184701919555664e-01
8.994553685188293457e-01
8.979187607765197754e-01
9.024101495742797852e-01
