1.562068209750577807e-04
2.871709875762462616e-04
2.408083673799410462e-04
6.095665739849209785e-04
6.437379051931202412e-04
6.348806200549006462e-04
1.420246553607285023e-03
2.941130660474300385e-03
5.156883504241704941e-03
9.296024218201637268e-03
1.260411087423563004e-02
1.500279735773801804e-02
1.665644906461238861e-02
1.746306940913200378e-02
2.326094545423984528e-02
3.891983628273010254e-02
5.721491947770118713e-02
7.133802026510238647e-02
8.247154951095581055e-02
1.009065732359886169e-01
1.297820210456848145e-01
1.540849655866622925e-01
1.881693899631500244e-01
2.223717272281646729e-01
2.568249106407165527e-01
3.044890463352203369e-01
3.579090237617492676e-01
4.078554809093475342e-01
4.588612318038940430e-01
5.141373276710510254e-01
5.443053245544433594e-01
5.948264598846435547e-01
6.326956152915954590e-01
6.680008769035339355e-01
7.184394598007202148e-01
6.423430442810058594e-01
7.085413932800292969e-01
7.654333710670471191e-01
7.432410717010498047e-01
7.624405622482299805e-01
7.813128232955932617e-01
7.915154695510864258e-01
8.190504908561706543e-01
8.435638546943664551e-01
8.188533186912536621e-01
8.412432074546813965e-01
8.484427332878112793e-01
8.325235843658447266e-01
8.510886430740356445e-01
8.513144254684448242e-01
8.433349132537841797e-01
8.658639192581176758e-01
8.732510805130004883e-01
8.567999005317687988e-01
8.711608648300170898e-01
8.819266557693481445e-01
8.855445981025695801e-01
8.838757872581481934e-01
8.866847753524780273e-01
8.770301342010498047e-01
8.785668611526489258e-01
8.924326300621032715e-01
9.004162549972534180e-01
9.018985033035278320e-01
8.927912712097167969e-01
8.919440507888793945e-01
8.992800116539001465e-01
9.080449938774108887e-01
8.875036239624023438e-01
8.943271636962890625e-01
9.104764461517333984e-01
9.061487913131713867e-01
9.065733551979064941e-01
9.032874703407287598e-01
8.883036375045776367e-01
8.971192836761474609e-01
9.073295593261718750e-01
9.050817489624023438e-01
9.147258996963500977e-01
8.973078727722167969e-01
8.775416612625122070e-01
8.953002095222473145e-01
9.077406525611877441e-01
9.028469920158386230e-01
9.071474671363830566e-01
9.034470915794372559e-01
8.920002579689025879e-01
9.048038125038146973e-01
9.092354178428649902e-01
9.068264961242675781e-01
9.070656895637512207e-01
8.977268934249877930e-01
8.925831913948059082e-01
9.015715718269348145e-01
9.147953391075134277e-01
9.085628390312194824e-01
9.064849615097045898e-01
9.174374341964721680e-01
9.017890095710754395e-01
8.972014784812927246e-01
9.142788648605346680e-01
9.097764492034912109e-01
9.082509279251098633e-01
9.158256649971008301e-01
9.152028560638427734e-01
9.056876897811889648e-01
9.062267541885375977e-01
9.160444736480712891e-01
9.120213389396667480e-01
9.196967482566833496e-01
9.018082618713378906e-01
8.964660167694091797e-01
9.150257706642150879e-01
9.162966609001159668e-01
9.042611718177795410e-01
9.097527861595153809e-01
9.187401533126831055e-01
9.171486496925354004e-01
9.142631888389587402e-01
9.168642163276672363e-01
9.132445454597473145e-01
9.193581938743591309e-01
9.110853075981140137e-01
9.036852717399597168e-01
9.159603714942932129e-01
9.258750677108764648e-01
9.237183332443237305e-01
9.238079190254211426e-01
9.260035157203674316e-01
9.161236286163330078e-01
9.072523713111877441e-01
9.237101078033447266e-01
9.070243835449218750e-01
8.919489979743957520e-01
9.153996109962463379e-01
9.233797788619995117e-01
9.161981344223022461e-01
9.159895777702331543e-01
9.208014607429504395e-01
9.230485558509826660e-01
9.206507802009582520e-01
9.244474768638610840e-01
9.225703477859497070e-01
9.131274223327636719e-01
9.096328616142272949e-01
9.139906764030456543e-01
9.108602404594421387e-01
9.216562509536743164e-01
9.237713813781738281e-01
9.164561629295349121e-01
9.227336049079895020e-01
9.267816543579101562e-01
9.222090244293212891e-01
9.221470952033996582e-01
9.274467229843139648e-01
9.273483157157897949e-01
9.207715988159179688e-01
9.244356751441955566e-01
9.309408068656921387e-01
9.310142397880554199e-01
9.283701777458190918e-01
9.220495223999023438e-01
9.256603121757507324e-01
9.336694478988647461e-01
9.293268918991088867e-01
9.181509613990783691e-01
9.301370382308959961e-01
9.360389113426208496e-01
9.342927336692810059e-01
9.335778951644897461e-01
9.332613945007324219e-01
9.315103888511657715e-01
9.359301328659057617e-01
9.330692291259765625e-01
9.325554966926574707e-01
9.263492822647094727e-01
9.105498790740966797e-01
9.278855323791503906e-01
9.396859407424926758e-01
9.291184544563293457e-01
9.251426458358764648e-01
9.398707151412963867e-01
9.420818686485290527e-01
9.412543773651123047e-01
9.457434415817260742e-01
9.372513294219970703e-01
9.337791204452514648e-01
9.435576796531677246e-01
9.387961626052856445e-01
9.285390377044677734e-01
9.345912337303161621e-01
9.424718022346496582e-01
9.373036026954650879e-01
9.237602949142456055e-01
9.234061241149902344e-01
9.352711439132690430e-01
9.449674487113952637e-01
9.436951279640197754e-01
9.378581047058105469e-01
9.372128844261169434e-01
