1.562067191116511822e-04
2.871709293685853481e-04
2.408086875220760703e-04
6.095666904002428055e-04
6.437374395318329334e-04
6.348797469399869442e-04
1.420246553607285023e-03
2.941137878224253654e-03
5.156892351806163788e-03
9.296045638620853424e-03
1.260418631136417389e-02
1.500293239951133728e-02
1.665659062564373016e-02
1.746308617293834686e-02
2.326099574565887451e-02
3.892019391059875488e-02
5.721497535705566406e-02
7.133711129426956177e-02
8.247020095586776733e-02
1.009058728814125061e-01
1.297784894704818726e-01
1.540816277265548706e-01
1.881664395332336426e-01
2.223674058914184570e-01
2.568169236183166504e-01
3.044795691967010498e-01
3.578945994377136230e-01
4.078439772129058838e-01
4.588462114334106445e-01
5.141141414642333984e-01
5.443375110626220703e-01
5.948092937469482422e-01
6.326873898506164551e-01
6.680440306663513184e-01
7.183874249458312988e-01
6.422308087348937988e-01
7.084804177284240723e-01
7.653697729110717773e-01
7.431709170341491699e-01
7.622938156127929688e-01
7.811858057975769043e-01
7.915039062500000000e-01
8.190901279449462891e-01
8.435146212577819824e-01
8.188877105712890625e-01
8.413802981376647949e-01
8.482897281646728516e-01
8.327525854110717773e-01
8.512778282165527344e-01
8.511512279510498047e-01
8.434473872184753418e-01
8.663817048072814941e-01
8.738601207733154297e-01
8.558204174041748047e-01
8.716640472412109375e-01
8.815046548843383789e-01
8.848286867141723633e-01
8.841820955276489258e-01
8.887186050415039062e-01
8.751704692840576172e-01
8.791658878326416016e-01
8.939889669418334961e-01
9.014292955398559570e-01
9.019907712936401367e-01
8.989230394363403320e-01
8.988379240036010742e-01
9.036529064178466797e-01
9.103143215179443359e-01
9.050619006156921387e-01
8.970679044723510742e-01
9.001120328903198242e-01
8.739075064659118652e-01
8.468782901763916016e-01
8.767644762992858887e-01
8.810079097747802734e-01
8.125650882720947266e-01
8.218671679496765137e-01
8.853259682655334473e-01
8.487799763679504395e-01
7.743900418281555176e-01
7.486562132835388184e-01
7.763859629631042480e-01
8.300668001174926758e-01
8.335384130477905273e-01
8.283498883247375488e-01
8.536466360092163086e-01
8.608261942863464355e-01
8.659017682075500488e-01
8.706037402153015137e-01
8.712362647056579590e-01
8.634232878684997559e-01
8.705001473426818848e-01
8.881765007972717285e-01
8.944414854049682617e-01
8.898900151252746582e-01
8.826616406440734863e-01
8.724988698959350586e-01
8.687902092933654785e-01
8.790731430053710938e-01
8.917307257652282715e-01
9.061947464942932129e-01
9.072126150131225586e-01
9.132444262504577637e-01
9.140402078628540039e-01
9.116359949111938477e-01
9.168063402175903320e-01
9.190753102302551270e-01
9.229226708412170410e-01
9.255919456481933594e-01
9.098130464553833008e-01
9.172748327255249023e-01
9.268251657485961914e-01
9.091752767562866211e-01
9.044627547264099121e-01
9.225102066993713379e-01
9.263821244239807129e-01
9.272622466087341309e-01
9.301157593727111816e-01
9.328720569610595703e-01
9.354995489120483398e-01
9.298478960990905762e-01
9.321314096450805664e-01
9.331410527229309082e-01
9.256017208099365234e-01
9.348976612091064453e-01
9.362578988075256348e-01
9.349822998046875000e-01
9.422776103019714355e-01
9.378014206886291504e-01
9.391329884529113770e-01
9.366070032119750977e-01
9.411393404006958008e-01
9.427694082260131836e-01
9.373203516006469727e-01
9.393236041069030762e-01
9.438234567642211914e-01
9.431035518646240234e-01
9.414432644844055176e-01
9.444001913070678711e-01
9.445363879203796387e-01
9.379645586013793945e-01
9.405262470245361328e-01
9.452515840530395508e-01
9.422313570976257324e-01
9.449105262756347656e-01
9.429749846458435059e-01
9.410490989685058594e-01
9.428103566169738770e-01
9.406569004058837891e-01
9.462782740592956543e-01
9.384992122650146484e-01
9.365200996398925781e-01
9.435749053955078125e-01
9.341652989387512207e-01
9.217594861984252930e-01
9.285466074943542480e-01
9.471284747123718262e-01
9.328013658523559570e-01
9.266108870506286621e-01
9.435678720474243164e-01
9.408921003341674805e-01
9.384540319442749023e-01
9.455339312553405762e-01
9.389319419860839844e-01
9.384466409683227539e-01
9.436292648315429688e-01
9.407170414924621582e-01
9.403639435768127441e-01
9.446515440940856934e-01
9.445567727088928223e-01
9.423524141311645508e-01
9.450486898422241211e-01
9.413543343544006348e-01
9.405354857444763184e-01
9.419294595718383789e-01
9.447208642959594727e-01
9.446338415145874023e-01
9.452812671661376953e-01
9.448924660682678223e-01
9.415240287780761719e-01
9.449319839477539062e-01
9.456288814544677734e-01
9.472985863685607910e-01
9.427991509437561035e-01
9.455254673957824707e-01
9.448652267456054688e-01
9.463539123535156250e-01
9.443514943122863770e-01
9.426913857460021973e-01
9.453825950622558594e-01
9.450731277465820312e-01
9.398609399795532227e-01
9.431718587875366211e-01
9.355655312538146973e-01
9.308266043663024902e-01
9.301592111587524414e-01
9.363051056861877441e-01
9.395774602890014648e-01
9.394287467002868652e-01
9.435634613037109375e-01
