8.858781307935714722e-03
3.179266676306724548e-02
1.235299184918403625e-02
6.445274222642183304e-03
2.613900927826762199e-03
4.768997896462678909e-04
1.412341371178627014e-03
1.367347314953804016e-03
2.119876910001039505e-03
2.267870120704174042e-03
1.804940286092460155e-03
1.320419250987470150e-03
7.698330446146428585e-04
8.393345633521676064e-04
1.158953178673982620e-03
1.544262398965656757e-03
1.861296594142913818e-03
2.095230855047702789e-03
2.213383093476295471e-03
2.308872528374195099e-03
2.959074685350060463e-03
5.371072329580783844e-03
8.868207223713397980e-03
1.315403170883655548e-02
1.814638637006282806e-02
2.369020879268646240e-02
2.767099626362323761e-02
3.193328529596328735e-02
4.429767280817031860e-02
5.582008883357048035e-02
7.458918541669845581e-02
1.095980182290077209e-01
1.313991248607635498e-01
1.531963944435119629e-01
2.016269415616989136e-01
2.063261270523071289e-01
2.175076007843017578e-01
2.381240874528884888e-01
2.396097183227539062e-01
2.790292203426361084e-01
3.252896666526794434e-01
3.075763285160064697e-01
3.225116431713104248e-01
3.838845193386077881e-01
4.152137339115142822e-01
4.149679541587829590e-01
3.924531936645507812e-01
4.346280395984649658e-01
4.375795423984527588e-01
4.518943130970001221e-01
4.359113276004791260e-01
4.477801322937011719e-01
4.834995865821838379e-01
4.847674965858459473e-01
5.016390085220336914e-01
4.691180288791656494e-01
4.441791474819183350e-01
4.681421816349029541e-01
5.233936905860900879e-01
5.188093781471252441e-01
4.935063123703002930e-01
4.616400301456451416e-01
4.809907674789428711e-01
5.337606668472290039e-01
5.324378609657287598e-01
5.056839585304260254e-01
4.904778301715850830e-01
5.104824304580688477e-01
5.099685192108154297e-01
5.169375538825988770e-01
5.434653759002685547e-01
5.109641551971435547e-01
5.186246037483215332e-01
5.519857406616210938e-01
5.580127239227294922e-01
5.759345889091491699e-01
5.001178383827209473e-01
4.773773550987243652e-01
5.531994104385375977e-01
5.700273513793945312e-01
5.496216416358947754e-01
5.081396102905273438e-01
5.197540521621704102e-01
5.399950742721557617e-01
5.533916354179382324e-01
5.409638881683349609e-01
5.328945517539978027e-01
5.423262119293212891e-01
5.620720982551574707e-01
5.602100491523742676e-01
5.177435874938964844e-01
5.369257330894470215e-01
5.761821866035461426e-01
5.858040452003479004e-01
5.912526249885559082e-01
5.550780296325683594e-01
5.265196561813354492e-01
5.270081758499145508e-01
5.373678207397460938e-01
5.557639598846435547e-01
5.649593472480773926e-01
5.653049945831298828e-01
5.242863893508911133e-01
5.183206796646118164e-01
5.519156455993652344e-01
5.748584866523742676e-01
5.596210956573486328e-01
5.378389358520507812e-01
5.362099409103393555e-01
5.521304607391357422e-01
5.605364441871643066e-01
5.667974948883056641e-01
5.709403157234191895e-01
5.525894761085510254e-01
5.373783707618713379e-01
5.478703379631042480e-01
5.713773965835571289e-01
5.716472864151000977e-01
5.582594275474548340e-01
5.389974117279052734e-01
5.622132420539855957e-01
5.733682513236999512e-01
5.685247182846069336e-01
5.538308620452880859e-01
5.489487051963806152e-01
5.641782283782958984e-01
5.690784454345703125e-01
5.576796531677246094e-01
5.490913987159729004e-01
5.627729296684265137e-01
5.681656002998352051e-01
5.664186477661132812e-01
5.499066114425659180e-01
5.608565807342529297e-01
5.667029619216918945e-01
5.634554624557495117e-01
5.609099268913269043e-01
5.655763745307922363e-01
5.472115874290466309e-01
5.647578239440917969e-01
5.737392306327819824e-01
5.658028125762939453e-01
5.501764416694641113e-01
5.600912570953369141e-01
5.734114050865173340e-01
5.707151889801025391e-01
5.476026535034179688e-01
5.489280223846435547e-01
5.831097364425659180e-01
5.776256918907165527e-01
5.557169914245605469e-01
5.269674062728881836e-01
5.401175022125244141e-01
5.771890878677368164e-01
5.806624889373779297e-01
5.730487108230590820e-01
5.649152398109436035e-01
5.277598500251770020e-01
5.229387879371643066e-01
5.606550574302673340e-01
5.832168459892272949e-01
5.871523022651672363e-01
5.842358469963073730e-01
5.623759031295776367e-01
5.394672751426696777e-01
5.651561617851257324e-01
5.639349222183227539e-01
5.714108943939208984e-01
5.640173554420471191e-01
5.650925636291503906e-01
5.619493722915649414e-01
5.539263486862182617e-01
5.544319152832031250e-01
5.711574554443359375e-01
5.806331634521484375e-01
5.778991580009460449e-01
5.536248087882995605e-01
5.498141646385192871e-01
5.676365494728088379e-01
5.799070596694946289e-01
5.833528637886047363e-01
5.705771446228027344e-01
5.573184490203857422e-01
5.728757977485656738e-01
5.717894434928894043e-01
5.561358928680419922e-01
5.738393664360046387e-01
5.778315663337707520e-01
5.802730321884155273e-01
5.585043430328369141e-01
5.454673767089843750e-01
5.773134827613830566e-01
5.848032832145690918e-01
5.690895915031433105e-01
5.339870452880859375e-01
5.494762063026428223e-01
5.840786695480346680e-01
5.896805524826049805e-01
5.915207862854003906e-01
5.715292096138000488e-01
