2.424847025395138189e-06
3.016080256657005521e-07
4.824159418603812810e-07
2.169487629544164520e-07
9.974844950022543344e-09
8.418869157367225853e-08
2.530890981233824277e-07
3.086322237777494593e-07
3.219299742340808734e-07
4.743664590023399796e-07
7.762033078506647144e-07
1.226926656272553373e-06
2.169280833186348900e-06
4.783361418958520517e-06
1.120751949201803654e-05
2.475720430084038526e-05
5.540236816159449518e-05
1.291513326577842236e-04
3.431261575315147638e-04
5.906196893192827702e-04
1.412390964105725288e-03
2.223322167992591858e-03
4.309740848839282990e-03
7.051412947475910187e-03
9.728871285915374756e-03
1.172707136720418930e-02
2.130759321153163910e-02
2.186305634677410126e-02
2.595836110413074493e-02
3.591788187623023987e-02
4.100169241428375244e-02
4.367367178201675415e-02
5.527096614241600037e-02
6.524210423231124878e-02
7.037004828453063965e-02
7.212097942829132080e-02
9.007029235363006592e-02
9.809000045061111450e-02
1.014227271080017090e-01
1.215696930885314941e-01
1.322056502103805542e-01
1.492237001657485962e-01
1.620327085256576538e-01
1.746108978986740112e-01
2.074047029018402100e-01
2.094442397356033325e-01
2.295635044574737549e-01
2.677527368068695068e-01
2.757506072521209717e-01
3.072506785392761230e-01
3.217235505580902100e-01
3.624286055564880371e-01
3.731528520584106445e-01
3.956989049911499023e-01
4.259471297264099121e-01
4.326447844505310059e-01
4.649252295494079590e-01
4.708692431449890137e-01
4.434150159358978271e-01
5.148947238922119141e-01
5.572845935821533203e-01
5.169911384582519531e-01
5.581840276718139648e-01
5.966628193855285645e-01
5.784733891487121582e-01
5.619390010833740234e-01
5.874425768852233887e-01
6.215202212333679199e-01
5.701320171356201172e-01
5.871261358261108398e-01
6.453829407691955566e-01
5.900274515151977539e-01
5.982087254524230957e-01
6.433357000350952148e-01
6.618196368217468262e-01
6.535968780517578125e-01
6.302659511566162109e-01
6.550339460372924805e-01
6.877903938293457031e-01
6.795074343681335449e-01
6.549839377403259277e-01
6.326262354850769043e-01
6.179643869400024414e-01
6.802250742912292480e-01
6.365254521369934082e-01
5.999685525894165039e-01
6.651213765144348145e-01
7.055817246437072754e-01
6.782573461532592773e-01
6.768112778663635254e-01
6.961057782173156738e-01
7.257642745971679688e-01
7.140585780143737793e-01
6.930198669433593750e-01
6.807606220245361328e-01
7.055673003196716309e-01
7.251998782157897949e-01
7.054674029350280762e-01
7.206311225891113281e-01
7.104254364967346191e-01
7.030814886093139648e-01
7.206447124481201172e-01
6.949424743652343750e-01
6.965705156326293945e-01
7.283998727798461914e-01
7.248039245605468750e-01
6.980151534080505371e-01
7.230848073959350586e-01
7.358083724975585938e-01
7.312464118003845215e-01
7.456433773040771484e-01
7.421151399612426758e-01
7.364189624786376953e-01
7.514231801033020020e-01
7.438578605651855469e-01
7.489443421363830566e-01
7.577138543128967285e-01
7.508706450462341309e-01
7.587863802909851074e-01
7.658669352531433105e-01
7.605847120285034180e-01
7.568911910057067871e-01
7.620987892150878906e-01
7.618986368179321289e-01
7.665135264396667480e-01
7.683962583541870117e-01
7.697264552116394043e-01
7.770966887474060059e-01
7.690372467041015625e-01
7.761857509613037109e-01
7.778786420822143555e-01
7.603203654289245605e-01
7.784037590026855469e-01
7.687892317771911621e-01
7.642866969108581543e-01
7.851864099502563477e-01
7.789182662963867188e-01
7.842550277709960938e-01
7.835673689842224121e-01
7.877657413482666016e-01
7.898476719856262207e-01
7.710577845573425293e-01
7.744862437248229980e-01
7.890796661376953125e-01
7.562499642372131348e-01
7.600373029708862305e-01
7.947295308113098145e-01
7.660424709320068359e-01
7.385464906692504883e-01
7.780402302742004395e-01
7.916384935379028320e-01
7.668520212173461914e-01
7.808813452720642090e-01
7.933005690574645996e-01
7.903327345848083496e-01
7.971539497375488281e-01
7.918058037757873535e-01
7.910574078559875488e-01
7.997229695320129395e-01
7.731425762176513672e-01
7.760862708091735840e-01
7.994146347045898438e-01
7.744241952896118164e-01
7.617932558059692383e-01
7.872237563133239746e-01
8.000061511993408203e-01
7.758756279945373535e-01
7.896830439567565918e-01
7.981731891632080078e-01
7.971037030220031738e-01
8.019134402275085449e-01
8.002422451972961426e-01
7.953004240989685059e-01
8.083336353302001953e-01
7.896661162376403809e-01
7.871950268745422363e-01
8.048043847084045410e-01
7.883368730545043945e-01
7.735161185264587402e-01
8.024457693099975586e-01
7.925528287887573242e-01
7.821688652038574219e-01
7.963572740554809570e-01
8.116608858108520508e-01
7.955784201622009277e-01
8.045095801353454590e-01
8.044428825378417969e-01
8.100494146347045898e-01
8.088014721870422363e-01
8.069238066673278809e-01
8.151021003723144531e-01
7.991524338722229004e-01
7.997252345085144043e-01
8.122567534446716309e-01
7.946988940238952637e-01
7.942002415657043457e-01
8.072372674942016602e-01
8.004188537597656250e-01
7.900293469429016113e-01
8.007227182388305664e-01
