3.359722541063092649e-05
2.868650881282519549e-05
1.330214308836730197e-05
1.996804712689481676e-05
6.559288522112183273e-06
5.416638032329501584e-06
2.299289008078631014e-05
2.732997563725803047e-05
2.444969322823453695e-05
2.040946674242150038e-05
1.473614338465267792e-05
3.186638787155970931e-05
8.233253902290016413e-05
1.626287121325731277e-04
3.036323469132184982e-04
4.949258291162550449e-04
9.447663323953747749e-04
2.029016148298978806e-03
4.462428856641054153e-03
9.026853367686271667e-03
1.932155527174472809e-02
3.260454908013343811e-02
4.245219752192497253e-02
6.869287043809890747e-02
1.082862019538879395e-01
1.407723426818847656e-01
1.408420801162719727e-01
1.922586113214492798e-01
2.592248320579528809e-01
2.720441222190856934e-01
3.185878098011016846e-01
3.154616057872772217e-01
3.158729970455169678e-01
3.925200998783111572e-01
4.504269957542419434e-01
4.491564333438873291e-01
4.649831056594848633e-01
4.605669081211090088e-01
4.448862969875335693e-01
4.771493971347808838e-01
5.095198750495910645e-01
5.177238583564758301e-01
5.329030752182006836e-01
5.224580168724060059e-01
5.035909414291381836e-01
4.961875975131988525e-01
5.127828121185302734e-01
5.228947997093200684e-01
5.478287935256958008e-01
5.543504357337951660e-01
5.462058782577514648e-01
5.325654745101928711e-01
5.543712973594665527e-01
5.902349948883056641e-01
5.914335846900939941e-01
5.648369193077087402e-01
5.496608614921569824e-01
5.919799208641052246e-01
6.023074984550476074e-01
6.104030609130859375e-01
6.177751421928405762e-01
5.913618206977844238e-01
6.172384619712829590e-01
6.260453462600708008e-01
6.373386979103088379e-01
6.335628032684326172e-01
6.279025673866271973e-01
5.943376421928405762e-01
6.354440450668334961e-01
6.520692706108093262e-01
6.620630025863647461e-01
6.826282143592834473e-01
6.566995978355407715e-01
6.520912051200866699e-01
6.473503708839416504e-01
6.773017644882202148e-01
6.951074600219726562e-01
6.914641857147216797e-01
6.807720065116882324e-01
6.844685077667236328e-01
6.888148784637451172e-01
6.957263946533203125e-01
6.656659841537475586e-01
6.916886568069458008e-01
6.958759427070617676e-01
6.761233806610107422e-01
7.077014446258544922e-01
6.716418266296386719e-01
7.017639875411987305e-01
7.298774123191833496e-01
7.296594977378845215e-01
7.191384434700012207e-01
7.040085196495056152e-01
6.811621785163879395e-01
7.154778242111206055e-01
7.283956408500671387e-01
7.045012116432189941e-01
7.380794882774353027e-01
7.378455996513366699e-01
7.187409996986389160e-01
7.432536482810974121e-01
7.414271235466003418e-01
7.364319562911987305e-01
7.496596574783325195e-01
7.440297603607177734e-01
7.566314935684204102e-01
7.519482970237731934e-01
7.502204775810241699e-01
7.670909166336059570e-01
7.599263191223144531e-01
7.539865374565124512e-01
7.623874545097351074e-01
7.509911060333251953e-01
7.595910429954528809e-01
7.814113497734069824e-01
7.901920080184936523e-01
7.967008948326110840e-01
7.629726529121398926e-01
7.470983862876892090e-01
7.678343653678894043e-01
7.721859812736511230e-01
7.890057563781738281e-01
7.777796983718872070e-01
7.825319766998291016e-01
7.936720252037048340e-01
7.777692079544067383e-01
7.631491422653198242e-01
7.731102108955383301e-01
7.937544584274291992e-01
8.047325611114501953e-01
7.960889935493469238e-01
7.452696561813354492e-01
7.592375874519348145e-01
7.945919036865234375e-01
7.867566943168640137e-01
7.796568274497985840e-01
7.819957733154296875e-01
7.797031402587890625e-01
7.706809043884277344e-01
7.792752981185913086e-01
7.907945513725280762e-01
7.836588621139526367e-01
7.663149237632751465e-01
7.918239235877990723e-01
7.909708619117736816e-01
7.774112224578857422e-01
7.789377570152282715e-01
7.823008894920349121e-01
7.797575592994689941e-01
7.854996323585510254e-01
7.960531711578369141e-01
8.069254159927368164e-01
8.105704188346862793e-01
8.087621927261352539e-01
7.826517820358276367e-01
7.983257174491882324e-01
8.058490157127380371e-01
7.987267374992370605e-01
8.086516857147216797e-01
7.874233722686767578e-01
7.882982492446899414e-01
8.160215020179748535e-01
8.244298696517944336e-01
8.159461021423339844e-01
7.854127883911132812e-01
7.960355281829833984e-01
8.093530535697937012e-01
8.190568685531616211e-01
8.275798559188842773e-01
8.190589547157287598e-01
8.161511421203613281e-01
8.190243840217590332e-01
8.134719729423522949e-01
8.167652487754821777e-01
8.071745038032531738e-01
8.202530145645141602e-01
8.341482281684875488e-01
8.164779543876647949e-01
7.991185784339904785e-01
8.079168796539306641e-01
8.004950284957885742e-01
8.016119599342346191e-01
8.173894882202148438e-01
8.308474421501159668e-01
8.194594383239746094e-01
7.947539687156677246e-01
8.004246354103088379e-01
8.151856660842895508e-01
8.019236922264099121e-01
8.098214268684387207e-01
8.291211724281311035e-01
8.097398877143859863e-01
8.013342022895812988e-01
8.201649188995361328e-01
8.160520792007446289e-01
8.172374367713928223e-01
8.373030424118041992e-01
8.121127486228942871e-01
8.033511638641357422e-01
8.154322504997253418e-01
