9.069074876606464386e-03
9.419725276529788971e-03
9.373765438795089722e-03
6.627845112234354019e-03
7.147514726966619492e-03
7.868134416639804840e-03
6.455085240304470062e-03
5.133204627782106400e-03
8.927709423005580902e-03
1.255266740918159485e-02
1.340114511549472809e-02
1.090798061341047287e-02
7.979463785886764526e-03
1.006234716624021530e-02
1.349015254527330399e-02
1.579407602548599243e-02
1.476070564240217209e-02
1.430024579167366028e-02
1.736853644251823425e-02
2.194603346288204193e-02
2.415223792195320129e-02
2.565984427928924561e-02
2.872620709240436554e-02
3.025592863559722900e-02
3.147447481751441956e-02
3.753038123250007629e-02
4.559641703963279724e-02
4.777235910296440125e-02
5.427300184965133667e-02
6.104032322764396667e-02
5.610394105315208435e-02
6.346535682678222656e-02
7.686879485845565796e-02
8.433274924755096436e-02
8.634477853775024414e-02
9.049975126981735229e-02
9.548469632863998413e-02
1.002079322934150696e-01
1.125152036547660828e-01
1.171530112624168396e-01
1.101291850209236145e-01
1.116662919521331787e-01
1.306680291891098022e-01
1.458004564046859741e-01
1.474272310733795166e-01
1.456382274627685547e-01
1.477037370204925537e-01
1.675221174955368042e-01
1.636116206645965576e-01
1.568326652050018311e-01
1.672310084104537964e-01
2.020289152860641479e-01
2.078612297773361206e-01
2.070509940385818481e-01
1.975690722465515137e-01
2.271643429994583130e-01
2.571378350257873535e-01
2.477226257324218750e-01
2.040272057056427002e-01
2.271783798933029175e-01
2.991954386234283447e-01
3.214547634124755859e-01
3.089852929115295410e-01
2.888034582138061523e-01
3.255428969860076904e-01
3.483251333236694336e-01
3.430908322334289551e-01
3.164266943931579590e-01
3.357121646404266357e-01
4.113306403160095215e-01
4.252448678016662598e-01
4.072397947311401367e-01
3.974817991256713867e-01
4.190915226936340332e-01
4.503599703311920166e-01
4.519036710262298584e-01
4.033038616180419922e-01
4.236188232898712158e-01
4.649233520030975342e-01
4.987139105796813965e-01
4.884250164031982422e-01
4.904385805130004883e-01
4.575044810771942139e-01
4.933914244174957275e-01
5.035585165023803711e-01
4.818680882453918457e-01
4.939462244510650635e-01
5.054870247840881348e-01
4.921457469463348389e-01
4.779702425003051758e-01
5.113137960433959961e-01
5.058335065841674805e-01
4.898050725460052490e-01
4.949926435947418213e-01
5.236431360244750977e-01
5.279618501663208008e-01
4.937853813171386719e-01
5.160453915596008301e-01
5.568271875381469727e-01
5.438102483749389648e-01
5.425793528556823730e-01
5.509517192840576172e-01
5.355312824249267578e-01
5.208893418312072754e-01
5.514229536056518555e-01
5.517359972000122070e-01
5.355584025382995605e-01
5.590522885322570801e-01
5.652680993080139160e-01
5.343419313430786133e-01
5.300110578536987305e-01
5.530884265899658203e-01
5.643667578697204590e-01
5.627115368843078613e-01
5.456863045692443848e-01
5.399010777473449707e-01
5.404576063156127930e-01
5.325747728347778320e-01
5.557774901390075684e-01
5.738642811775207520e-01
5.575989484786987305e-01
5.259835124015808105e-01
5.364521741867065430e-01
5.660305619239807129e-01
5.698905587196350098e-01
5.566952228546142578e-01
5.321700572967529297e-01
5.483739376068115234e-01
5.658751726150512695e-01
5.564759969711303711e-01
5.397589802742004395e-01
5.365635156631469727e-01
5.565935373306274414e-01
5.745490193367004395e-01
5.799869894981384277e-01
5.505038499832153320e-01
5.289261937141418457e-01
5.428999066352844238e-01
5.632355213165283203e-01
5.651783347129821777e-01
5.535351634025573730e-01
5.416140556335449219e-01
5.457673072814941406e-01
5.649707913398742676e-01
5.648554563522338867e-01
5.620384216308593750e-01
5.474376082420349121e-01
5.392901897430419922e-01
5.512810945510864258e-01
5.453135967254638672e-01
5.420860648155212402e-01
5.545524358749389648e-01
5.585819482803344727e-01
5.568543076515197754e-01
5.311523675918579102e-01
5.382441878318786621e-01
5.744996070861816406e-01
5.850351452827453613e-01
5.918391346931457520e-01
5.830582976341247559e-01
5.480721592903137207e-01
5.477990508079528809e-01
5.701197981834411621e-01
5.675432682037353516e-01
5.767402648925781250e-01
5.755135416984558105e-01
5.640743970870971680e-01
5.467745661735534668e-01
5.660479068756103516e-01
5.904231071472167969e-01
5.888330936431884766e-01
5.669695138931274414e-01
5.428891181945800781e-01
5.713279247283935547e-01
5.780878067016601562e-01
5.656591653823852539e-01
5.669701695442199707e-01
5.738756060600280762e-01
5.541373491287231445e-01
5.717449784278869629e-01
5.780148506164550781e-01
5.823197364807128906e-01
5.706588029861450195e-01
5.617443323135375977e-01
5.815900564193725586e-01
5.837683081626892090e-01
5.807436108589172363e-01
5.699013471603393555e-01
5.563107728958129883e-01
5.773333907127380371e-01
5.676406025886535645e-01
5.693013072013854980e-01
5.846395492553710938e-01
5.859326720237731934e-01
5.498374104499816895e-01
5.547937750816345215e-01
5.956427454948425293e-01
5.999583005905151367e-01
5.935258865356445312e-01
5.815920233726501465e-01
