4.701297439169138670e-05
2.311543794348835945e-04
1.600256364326924086e-04
2.274586877319961786e-04
1.866700768005102873e-04
6.349444156512618065e-04
6.374246440827846527e-04
2.183390024583786726e-04
1.318738504778593779e-04
1.261648721992969513e-04
1.229297340614721179e-04
1.290963700739666820e-04
1.424682704964652658e-04
1.613366766832768917e-04
2.121714351233094931e-04
3.091247926931828260e-04
4.356462450232356787e-04
6.078843143768608570e-04
9.080563904717564583e-04
1.360977883450686932e-03
2.237450564280152321e-03
4.088276531547307968e-03
6.777597591280937195e-03
1.026813220232725143e-02
1.544385496526956558e-02
2.542170137166976929e-02
3.412321209907531738e-02
4.759961366653442383e-02
6.401881575584411621e-02
7.346009463071823120e-02
1.013045385479927063e-01
1.506067365407943726e-01
1.888186186552047729e-01
2.072121500968933105e-01
1.763819605112075806e-01
2.060747891664505005e-01
2.808452546596527100e-01
3.141001462936401367e-01
3.118295073509216309e-01
3.284247815608978271e-01
2.675046622753143311e-01
3.227849900722503662e-01
3.904044926166534424e-01
4.231701791286468506e-01
4.348993599414825439e-01
3.836506307125091553e-01
3.858920037746429443e-01
4.289029240608215332e-01
4.509698450565338135e-01
4.005505740642547607e-01
4.352797269821166992e-01
4.614919126033782959e-01
4.940091669559478760e-01
5.240942239761352539e-01
4.897037148475646973e-01
4.654675424098968506e-01
5.456962585449218750e-01
5.575431585311889648e-01
5.362321138381958008e-01
4.577821195125579834e-01
5.148459672927856445e-01
5.158053636550903320e-01
5.738170146942138672e-01
5.744830369949340820e-01
4.883674681186676025e-01
5.381026268005371094e-01
5.957177281379699707e-01
5.349237322807312012e-01
5.269928574562072754e-01
5.098412036895751953e-01
5.092072486877441406e-01
5.780058503150939941e-01
6.247091889381408691e-01
6.462789773941040039e-01
6.306850910186767578e-01
6.398593783378601074e-01
6.839691400527954102e-01
6.723104715347290039e-01
6.417400240898132324e-01
6.008879542350769043e-01
6.014282703399658203e-01
6.347022056579589844e-01
6.930251717567443848e-01
6.627674698829650879e-01
6.937731504440307617e-01
7.247364521026611328e-01
6.825255155563354492e-01
7.429633140563964844e-01
7.476115822792053223e-01
6.669912934303283691e-01
6.799672842025756836e-01
7.377277612686157227e-01
7.280573844909667969e-01
7.242890596389770508e-01
7.476351261138916016e-01
7.717777490615844727e-01
7.699967026710510254e-01
7.560631632804870605e-01
7.776260972023010254e-01
7.803758978843688965e-01
7.783876061439514160e-01
7.993063330650329590e-01
8.124212026596069336e-01
8.113449215888977051e-01
8.074036240577697754e-01
8.213095664978027344e-01
8.237008452415466309e-01
8.163141012191772461e-01
7.584741115570068359e-01
8.039313554763793945e-01
8.432751893997192383e-01
8.246537446975708008e-01
8.378330469131469727e-01
8.150656223297119141e-01
8.037784695625305176e-01
8.420035243034362793e-01
8.478929996490478516e-01
8.423795104026794434e-01
8.343252539634704590e-01
8.443356156349182129e-01
8.471448421478271484e-01
8.542833328247070312e-01
8.584625124931335449e-01
8.341939449310302734e-01
8.312590718269348145e-01
8.578765392303466797e-01
8.545287251472473145e-01
8.545178174972534180e-01
8.609623908996582031e-01
8.669863939285278320e-01
8.685376644134521484e-01
8.563016653060913086e-01
8.561017513275146484e-01
8.675174117088317871e-01
8.787490129470825195e-01
8.774124383926391602e-01
8.801600933074951172e-01
8.678709864616394043e-01
8.904651999473571777e-01
8.857932090759277344e-01
8.875364661216735840e-01
8.680333495140075684e-01
8.693449497222900391e-01
8.915939927101135254e-01
8.968973159790039062e-01
9.036642313003540039e-01
8.984946012496948242e-01
8.898224234580993652e-01
8.875409364700317383e-01
8.788027763366699219e-01
8.589513301849365234e-01
8.677346110343933105e-01
8.655518889427185059e-01
8.807960748672485352e-01
8.926926851272583008e-01
8.937055468559265137e-01
8.870148658752441406e-01
8.790286183357238770e-01
8.794776797294616699e-01
8.863186836242675781e-01
8.966645598411560059e-01
8.931502699851989746e-01
8.882051110267639160e-01
8.786736726760864258e-01
8.604695796966552734e-01
8.706286549568176270e-01
8.889178037643432617e-01
8.855822682380676270e-01
8.862357139587402344e-01
8.872744441032409668e-01
8.860503435134887695e-01
8.948242664337158203e-01
8.987502455711364746e-01
8.879100084304809570e-01
8.732296228408813477e-01
8.839825987815856934e-01
8.790669441223144531e-01
8.725970983505249023e-01
8.805053234100341797e-01
8.719003796577453613e-01
8.697710633277893066e-01
8.895767331123352051e-01
8.872547149658203125e-01
8.878937363624572754e-01
8.906536698341369629e-01
8.842989206314086914e-01
8.740710020065307617e-01
8.757251501083374023e-01
8.865065574645996094e-01
8.914727568626403809e-01
8.940593004226684570e-01
9.004614949226379395e-01
9.015313982963562012e-01
8.913569450378417969e-01
8.876199126243591309e-01
8.994832634925842285e-01
8.927410244941711426e-01
8.920281529426574707e-01
8.859947919845581055e-01
8.961682915687561035e-01
