1.733119097480084747e-05
3.558249227353371680e-05
7.329678737733047456e-06
4.148476364207454026e-05
9.164385119220241904e-06
3.510838723741471767e-06
5.981594767945352942e-06
1.399463781126542017e-05
2.189345468650572002e-05
2.581804437795653939e-05
2.173990651499480009e-05
1.910696482809726149e-05
1.803846498660277575e-05
2.232656515843700618e-05
3.328949605929665267e-05
4.052530493936501443e-05
4.415884177433326840e-05
5.184263500268571079e-05
7.027063111308962107e-05
1.044722666847519577e-04
1.502827362855896354e-04
1.909622078528627753e-04
2.357548655709251761e-04
3.546061343513429165e-04
5.606135819107294083e-04
7.881417404860258102e-04
1.072415034286677837e-03
1.827410655096173286e-03
2.968689892441034317e-03
5.039593204855918884e-03
1.015993114560842514e-02
1.404794957488775253e-02
2.539229765534400940e-02
4.445859044790267944e-02
5.554012581706047058e-02
7.615209370851516724e-02
8.505269885063171387e-02
1.074303984642028809e-01
1.567073017358779907e-01
1.574203521013259888e-01
1.485538035631179810e-01
2.029830217361450195e-01
2.530373930931091309e-01
2.436726838350296021e-01
3.140471577644348145e-01
3.469436764717102051e-01
3.147253990173339844e-01
3.750427961349487305e-01
4.369780719280242920e-01
4.593525528907775879e-01
4.867658615112304688e-01
5.213461518287658691e-01
4.824582040309906006e-01
4.565764665603637695e-01
5.584458708763122559e-01
6.126067638397216797e-01
5.176580548286437988e-01
5.892650485038757324e-01
6.316912770271301270e-01
5.491580963134765625e-01
5.670285820960998535e-01
6.524561047554016113e-01
6.505604386329650879e-01
6.629146933555603027e-01
6.747168302536010742e-01
6.536915898323059082e-01
6.779746413230895996e-01
7.062339782714843750e-01
6.924216151237487793e-01
7.167009711265563965e-01
7.122488617897033691e-01
6.820583939552307129e-01
7.233575582504272461e-01
7.419562935829162598e-01
7.312456965446472168e-01
7.354947924613952637e-01
7.412003874778747559e-01
7.400011420249938965e-01
7.730001807212829590e-01
7.515563964843750000e-01
7.598330974578857422e-01
7.609982490539550781e-01
7.504499554634094238e-01
7.901478409767150879e-01
7.839043140411376953e-01
7.947912812232971191e-01
7.894290089607238770e-01
7.853955626487731934e-01
7.947561740875244141e-01
7.935612797737121582e-01
7.929129004478454590e-01
8.141254186630249023e-01
8.032276630401611328e-01
8.204839825630187988e-01
8.143814206123352051e-01
8.219347000122070312e-01
8.154444098472595215e-01
8.328971266746520996e-01
8.218199014663696289e-01
8.274478912353515625e-01
8.287238478660583496e-01
8.285206556320190430e-01
8.251634836196899414e-01
8.292130827903747559e-01
8.238277435302734375e-01
8.323737382888793945e-01
8.334452509880065918e-01
8.346099853515625000e-01
8.490961790084838867e-01
8.239845633506774902e-01
8.342507481575012207e-01
8.417011499404907227e-01
8.384054303169250488e-01
8.433928489685058594e-01
8.338631987571716309e-01
8.431054949760437012e-01
8.445397019386291504e-01
8.404289484024047852e-01
8.435817360877990723e-01
8.430318236351013184e-01
8.542222380638122559e-01
8.441689014434814453e-01
8.523554801940917969e-01
8.409462571144104004e-01
8.528525829315185547e-01
8.443356156349182129e-01
8.516650199890136719e-01
8.504920005798339844e-01
8.591907620429992676e-01
8.405997753143310547e-01
8.496978282928466797e-01
8.518165946006774902e-01
8.588069081306457520e-01
8.469811677932739258e-01
8.584617972373962402e-01
8.469830155372619629e-01
8.579403758049011230e-01
8.528233170509338379e-01
8.605616688728332520e-01
8.500726819038391113e-01
8.602006435394287109e-01
8.546064496040344238e-01
8.591478466987609863e-01
8.560973405838012695e-01
8.639396429061889648e-01
8.561616539955139160e-01
8.640311360359191895e-01
8.453478217124938965e-01
8.520373702049255371e-01
8.589240312576293945e-01
8.461633920669555664e-01
8.345175385475158691e-01
8.621228933334350586e-01
8.420053720474243164e-01
8.219678401947021484e-01
8.342068791389465332e-01
8.627907633781433105e-01
8.304568529129028320e-01
8.133463859558105469e-01
8.381391167640686035e-01
8.597878813743591309e-01
8.283020257949829102e-01
8.211148977279663086e-01
8.430557847023010254e-01
8.560529351234436035e-01
8.379455208778381348e-01
8.451642394065856934e-01
8.508392572402954102e-01
8.508189916610717773e-01
8.408014178276062012e-01
8.542115092277526855e-01
8.534907698631286621e-01
8.588901162147521973e-01
8.551490306854248047e-01
8.604592680931091309e-01
8.516458868980407715e-01
8.636967539787292480e-01
8.570361733436584473e-01
8.578314781188964844e-01
8.555883169174194336e-01
8.631290793418884277e-01
8.554493784904479980e-01
8.665085434913635254e-01
8.612167835235595703e-01
8.658769130706787109e-01
8.607463836669921875e-01
8.692861795425415039e-01
8.334916830062866211e-01
8.316909670829772949e-01
8.602424263954162598e-01
8.580686450004577637e-01
8.536401391029357910e-01
8.494622111320495605e-01
8.582168817520141602e-01
8.616284132003784180e-01
8.596425056457519531e-01
8.716560602188110352e-01
8.677594661712646484e-01
8.660961985588073730e-01
8.623884320259094238e-01
