3.591216504573822021e-01
3.927151560783386230e-01
4.612437188625335693e-01
5.089088678359985352e-01
5.209391117095947266e-01
5.047121047973632812e-01
5.113108754158020020e-01
5.326367020606994629e-01
5.463523864746093750e-01
5.521810054779052734e-01
5.555768609046936035e-01
5.519019961357116699e-01
5.553016066551208496e-01
5.631914138793945312e-01
5.715806484222412109e-01
5.727986693382263184e-01
5.632512569427490234e-01
5.573728680610656738e-01
5.560422539710998535e-01
5.561972260475158691e-01
5.583177208900451660e-01
5.602893829345703125e-01
5.631914138793945312e-01
5.658243298530578613e-01
5.653014779090881348e-01
5.649970173835754395e-01
5.708874464035034180e-01
5.773749351501464844e-01
5.828881859779357910e-01
5.869192481040954590e-01
5.895939469337463379e-01
5.918614268302917480e-01
5.906169414520263672e-01
5.947604775428771973e-01
6.016198396682739258e-01
6.035205125808715820e-01
6.023984551429748535e-01
5.987562537193298340e-01
6.049126386642456055e-01
6.084142923355102539e-01
6.096462607383728027e-01
6.052919626235961914e-01
6.079153418540954590e-01
6.136699914932250977e-01
6.151255965232849121e-01
6.144450306892395020e-01
6.190643310546875000e-01
6.246101856231689453e-01
6.251730322837829590e-01
6.255004405975341797e-01
6.292138099670410156e-01
6.293523907661437988e-01
6.298853754997253418e-01
6.323492527008056641e-01
6.336774230003356934e-01
6.354502439498901367e-01
6.373496651649475098e-01
6.378743052482604980e-01
6.363071203231811523e-01
6.392008066177368164e-01
6.401013135910034180e-01
6.389800906181335449e-01
6.407384872436523438e-01
6.442678570747375488e-01
6.457803845405578613e-01
6.423057913780212402e-01
6.461599469184875488e-01
6.476883888244628906e-01
6.476940512657165527e-01
6.468521952629089355e-01
6.456758379936218262e-01
6.502875685691833496e-01
6.541709303855895996e-01
6.541673541069030762e-01
6.521224975585937500e-01
6.539914608001708984e-01
6.566207408905029297e-01
6.587891578674316406e-01
6.591658592224121094e-01
6.587888598442077637e-01
6.588795185089111328e-01
6.569656729698181152e-01
6.597868800163269043e-01
6.603820323944091797e-01
6.605463624000549316e-01
6.617948412895202637e-01
6.667879819869995117e-01
6.692733168601989746e-01
6.679865121841430664e-01
6.681259870529174805e-01
6.701954603195190430e-01
6.698571443557739258e-01
6.671947836875915527e-01
6.687996387481689453e-01
6.719982028007507324e-01
6.723073124885559082e-01
6.718004941940307617e-01
6.753649115562438965e-01
6.786978244781494141e-01
6.806857585906982422e-01
6.775256395339965820e-01
6.791455745697021484e-01
6.786649227142333984e-01
6.783480048179626465e-01
6.793327927589416504e-01
6.820413470268249512e-01
6.837179064750671387e-01
6.843848824501037598e-01
6.835070252418518066e-01
6.863278746604919434e-01
6.895735263824462891e-01
6.892314553260803223e-01
6.882685422897338867e-01
6.915652155876159668e-01
6.932979226112365723e-01
6.931309700012207031e-01
6.897033452987670898e-01
6.916040778160095215e-01
6.967855691909790039e-01
6.965893507003784180e-01
6.951578855514526367e-01
6.957617998123168945e-01
6.986742019653320312e-01
6.960930824279785156e-01
6.952056884765625000e-01
7.012753486633300781e-01
7.005067467689514160e-01
6.995631456375122070e-01
7.036968469619750977e-01
7.050709128379821777e-01
7.067862749099731445e-01
7.084243893623352051e-01
7.085428237915039062e-01
7.067016959190368652e-01
7.078000307083129883e-01
7.110298871994018555e-01
7.118914127349853516e-01
7.125432491302490234e-01
7.127155065536499023e-01
7.139563560485839844e-01
7.163479924201965332e-01
7.166893482208251953e-01
7.161234021186828613e-01
7.190758585929870605e-01
7.199142575263977051e-01
7.202169299125671387e-01
7.195618152618408203e-01
7.216117978096008301e-01
7.236481308937072754e-01
7.239239811897277832e-01
7.256979346275329590e-01
7.269671559333801270e-01
7.281473875045776367e-01
7.237916588783264160e-01
7.256104946136474609e-01
7.293249964714050293e-01
7.291812896728515625e-01
7.302010059356689453e-01
7.317290902137756348e-01
7.340037226676940918e-01
7.336018085479736328e-01
7.334161996841430664e-01
7.358797788619995117e-01
7.358407974243164062e-01
7.359817028045654297e-01
7.350171208381652832e-01
7.370139956474304199e-01
7.402666807174682617e-01
7.408770322799682617e-01
7.368960976600646973e-01
7.377865314483642578e-01
7.424433827400207520e-01
7.437531948089599609e-01
7.428602576255798340e-01
7.430055737495422363e-01
7.465065717697143555e-01
7.468460798263549805e-01
7.454380393028259277e-01
7.483894824981689453e-01
7.494007945060729980e-01
7.481757402420043945e-01
7.512030601501464844e-01
7.508647441864013672e-01
7.512791156768798828e-01
7.514176964759826660e-01
7.517489194869995117e-01
7.532827258110046387e-01
7.546387910842895508e-01
7.536894083023071289e-01
7.570418715476989746e-01
7.563810944557189941e-01
7.564390897750854492e-01
7.575866580009460449e-01
7.601196169853210449e-01
7.616471648216247559e-01
7.609544396400451660e-01
7.590171098709106445e-01
7.621048092842102051e-01
7.609661221504211426e-01
7.613040804862976074e-01
7.629396319389343262e-01
7.652108669281005859e-01
7.649196982383728027e-01
7.643902897834777832e-01
7.653527855873107910e-01
7.679763436317443848e-01
7.683942914009094238e-01
7.661970257759094238e-01
7.677570581436157227e-01
7.698712944984436035e-01
7.687154412269592285e-01
7.702303528785705566e-01
7.718994021415710449e-01
7.705276012420654297e-01
7.719042301177978516e-01
7.744112014770507812e-01
7.747114896774291992e-01
7.723697423934936523e-01
7.731502652168273926e-01
7.752408385276794434e-01
7.765434980392456055e-01
7.735460996627807617e-01
7.749875783920288086e-01
7.784579396247863770e-01
7.738864421844482422e-01
7.731369137763977051e-01
7.784155607223510742e-01
7.786453962326049805e-01
7.782765030860900879e-01
7.806279063224792480e-01
7.817366719245910645e-01
7.820736765861511230e-01
7.819840312004089355e-01
7.827267646789550781e-01
7.855800390243530273e-01
7.855814099311828613e-01
7.846964597702026367e-01
7.858040332794189453e-01
7.856168150901794434e-01
7.866108417510986328e-01
7.867890000343322754e-01
7.872990965843200684e-01
7.879561781883239746e-01
7.886375188827514648e-01
7.908037900924682617e-01
7.894678115844726562e-01
7.893089056015014648e-01
7.916609048843383789e-01
7.904421091079711914e-01
7.903242707252502441e-01
7.921906113624572754e-01
7.925025820732116699e-01
7.936149239540100098e-01
7.949114441871643066e-01
7.946445941925048828e-01
7.937952280044555664e-01
7.957630157470703125e-01
7.970053553581237793e-01
7.983280420303344727e-01
7.991021275520324707e-01
7.989362478256225586e-01
7.990323305130004883e-01
7.993754148483276367e-01
7.999426126480102539e-01
8.015522360801696777e-01
8.021180033683776855e-01
8.013567328453063965e-01
8.008247017860412598e-01
8.033150434494018555e-01
8.042796254158020020e-01
8.046287894248962402e-01
8.038004040718078613e-01
8.034839630126953125e-01
8.048194646835327148e-01
8.067024946212768555e-01
8.076757192611694336e-01
8.071086406707763672e-01
8.051798343658447266e-01
8.069701790809631348e-01
8.088662028312683105e-01
8.100100159645080566e-01
8.092537522315979004e-01
8.095763325691223145e-01
8.089224100112915039e-01
8.109323382377624512e-01
8.110603094100952148e-01
8.110101819038391113e-01
8.129990696907043457e-01
8.130257129669189453e-01
8.118059039115905762e-01
8.124756813049316406e-01
8.154619336128234863e-01
8.104993700981140137e-01
8.116437792778015137e-01
8.168807625770568848e-01
8.155951499938964844e-01
8.147808909416198730e-01
8.167317509651184082e-01
8.173505663871765137e-01
8.149428367614746094e-01
8.182103037834167480e-01
8.173174858093261719e-01
8.175129890441894531e-01
8.152964115142822266e-01
8.186048865318298340e-01
8.193786144256591797e-01
8.198298811912536621e-01
8.179519772529602051e-01
8.172155618667602539e-01
8.204585909843444824e-01
8.208276033401489258e-01
8.206959366798400879e-01
8.219382762908935547e-01
8.226823210716247559e-01
8.218535184860229492e-01
8.226529955863952637e-01
8.241087794303894043e-01
8.242869377136230469e-01
8.231722712516784668e-01
8.244763016700744629e-01
8.248172402381896973e-01
8.245640993118286133e-01
8.253525495529174805e-01
8.253757357597351074e-01
8.260381221771240234e-01
8.267502188682556152e-01
8.266818523406982422e-01
8.251149654388427734e-01
8.275843262672424316e-01
8.278738856315612793e-01
8.276513218879699707e-01
8.266713023185729980e-01
8.259798288345336914e-01
8.282763361930847168e-01
8.286643624305725098e-01
8.283550143241882324e-01
8.289921283721923828e-01
8.296371698379516602e-01
8.293318748474121094e-01
8.305646181106567383e-01
8.312340974807739258e-01
8.303640484809875488e-01
8.309308886528015137e-01
8.327648639678955078e-01
8.331364989280700684e-01
8.285710215568542480e-01
8.306199312210083008e-01
8.321268558502197266e-01
8.324242830276489258e-01
8.317466974258422852e-01
8.323503136634826660e-01
8.333978652954101562e-01
8.341179490089416504e-01
8.326321244239807129e-01
8.335047364234924316e-01
8.342239856719970703e-01
8.340988755226135254e-01
8.340357542037963867e-01
8.347432017326354980e-01
8.354561924934387207e-01
8.360271453857421875e-01
8.332230448722839355e-01
8.336523771286010742e-01
8.363885283470153809e-01
8.370038270950317383e-01
8.361918330192565918e-01
8.362280726432800293e-01
8.369818329811096191e-01
8.377307057380676270e-01
8.346369266510009766e-01
8.356322050094604492e-01
8.383747935295104980e-01
8.381823301315307617e-01
8.359913825988769531e-01
8.369070887565612793e-01
8.389725685119628906e-01
8.393543362617492676e-01
8.365136981010437012e-01
8.367912173271179199e-01
8.398838043212890625e-01
8.401594758033752441e-01
8.376199603080749512e-01
8.385833501815795898e-01
8.399878144264221191e-01
8.404432535171508789e-01
8.381645679473876953e-01
8.384822010993957520e-01
8.409250378608703613e-01
8.410272002220153809e-01
8.392795324325561523e-01
8.401863574981689453e-01
8.412374258041381836e-01
8.414112925529479980e-01
8.399835824966430664e-01
8.403885364532470703e-01
8.420809507369995117e-01
8.422214984893798828e-01
8.406148552894592285e-01
8.412821292877197266e-01
8.424444794654846191e-01
