9.071062668226659298e-04
7.563795952592045069e-05
8.582815644331276417e-04
1.962803769856691360e-03
1.230532769113779068e-03
5.136725958436727524e-04
5.289484397508203983e-04
9.198241750709712505e-04
1.740198349580168724e-03
2.612776122987270355e-03
3.038439201191067696e-03
3.887931816279888153e-03
4.412624519318342209e-03
5.224699620157480240e-03
6.430012173950672150e-03
7.303713355213403702e-03
8.850861340761184692e-03
1.114071253687143326e-02
1.241104397922754288e-02
1.068874541670084000e-02
1.505752373486757278e-02
1.790234073996543884e-02
2.088143117725849152e-02
1.961413025856018066e-02
2.198068238794803619e-02
2.664202451705932617e-02
3.109681420028209686e-02
3.397434204816818237e-02
3.083546273410320282e-02
2.968667820096015930e-02
3.851915895938873291e-02
4.178397357463836670e-02
4.290504753589630127e-02
4.087721556425094604e-02
4.122246429324150085e-02
5.216977000236511230e-02
5.998373404145240784e-02
6.564686447381973267e-02
6.867764145135879517e-02
6.673333793878555298e-02
7.350452244281768799e-02
1.027191504836082458e-01
1.201705411076545715e-01
1.316052824258804321e-01
1.337377130985260010e-01
1.845527738332748413e-01
2.249811589717864990e-01
2.453179806470870972e-01
2.887611687183380127e-01
3.399416804313659668e-01
3.976863920688629150e-01
3.688077628612518311e-01
4.306983947753906250e-01
4.999213516712188721e-01
5.127437710762023926e-01
4.534022808074951172e-01
5.391930341720581055e-01
5.930117964744567871e-01
5.926311612129211426e-01
6.171088218688964844e-01
5.861632227897644043e-01
5.996784567832946777e-01
6.689149737358093262e-01
6.790940761566162109e-01
6.969574093818664551e-01
6.374298930168151855e-01
6.494906544685363770e-01
7.131487727165222168e-01
7.009764909744262695e-01
7.269334197044372559e-01
7.434048056602478027e-01
7.285898327827453613e-01
7.196071147918701172e-01
7.511548399925231934e-01
7.726438641548156738e-01
7.684060931205749512e-01
7.772740721702575684e-01
7.370772957801818848e-01
7.482736110687255859e-01
7.922078967094421387e-01
7.937539219856262207e-01
7.586834430694580078e-01
7.930893301963806152e-01
8.143200874328613281e-01
8.056237697601318359e-01
7.951763272285461426e-01
8.082771897315979004e-01
8.086478114128112793e-01
8.076081275939941406e-01
8.247394561767578125e-01
8.051671981811523438e-01
7.933053970336914062e-01
8.174240589141845703e-01
8.258154988288879395e-01
8.290330171585083008e-01
7.997071146965026855e-01
8.201087713241577148e-01
8.327066302299499512e-01
8.418747782707214355e-01
8.435774445533752441e-01
7.626158595085144043e-01
7.701182961463928223e-01
8.408729434013366699e-01
8.450977206230163574e-01
8.181945681571960449e-01
8.249818682670593262e-01
8.324744105339050293e-01
8.245508074760437012e-01
8.224910497665405273e-01
8.331857919692993164e-01
8.494135737419128418e-01
8.403130173683166504e-01
8.434820771217346191e-01
8.393768668174743652e-01
8.437158465385437012e-01
8.492926955223083496e-01
8.409913182258605957e-01
8.475320935249328613e-01
8.596611618995666504e-01
8.627889156341552734e-01
8.465579748153686523e-01
8.443866372108459473e-01
8.626781702041625977e-01
8.717193007469177246e-01
8.613154888153076172e-01
8.559904098510742188e-01
8.577504158020019531e-01
8.736727833747863770e-01
8.670415878295898438e-01
8.588054776191711426e-01
8.692221641540527344e-01
8.704333305358886719e-01
8.628262877464294434e-01
8.668746352195739746e-01
8.741389513015747070e-01
8.812400698661804199e-01
8.530047535896301270e-01
8.585539460182189941e-01
8.873583078384399414e-01
8.807281851768493652e-01
8.812969326972961426e-01
8.584942817687988281e-01
8.722707629203796387e-01
8.856890797615051270e-01
8.796489238739013672e-01
8.735839724540710449e-01
8.631453514099121094e-01
8.829937577247619629e-01
8.868680000305175781e-01
8.852896094322204590e-01
8.663181066513061523e-01
8.683947920799255371e-01
8.866059780120849609e-01
8.832249641418457031e-01
8.836137652397155762e-01
8.769118189811706543e-01
8.888717889785766602e-01
8.886165022850036621e-01
8.834512829780578613e-01
8.857383131980895996e-01
8.872649073600769043e-01
8.810900449752807617e-01
8.872232437133789062e-01
8.893199563026428223e-01
8.808728456497192383e-01
8.922622799873352051e-01
8.965885639190673828e-01
8.968400955200195312e-01
8.810645341873168945e-01
8.871238827705383301e-01
8.922915458679199219e-01
8.791074156761169434e-01
8.942716121673583984e-01
8.858316540718078613e-01
8.704660534858703613e-01
8.887484073638916016e-01
8.911461234092712402e-01
8.909232020378112793e-01
8.966218829154968262e-01
8.868027925491333008e-01
8.902589082717895508e-01
8.934749960899353027e-01
8.980508446693420410e-01
9.026625156402587891e-01
8.986113667488098145e-01
8.857629895210266113e-01
8.922181129455566406e-01
8.985885381698608398e-01
9.036221504211425781e-01
8.893793225288391113e-01
8.976507186889648438e-01
9.092611074447631836e-01
8.911372423171997070e-01
8.901169896125793457e-01
9.016191363334655762e-01
9.104119539260864258e-01
9.097023010253906250e-01
8.969639539718627930e-01
8.963211178779602051e-01
9.079489707946777344e-01
9.079625010490417480e-01
9.025105237960815430e-01
8.927681446075439453e-01
9.039573073387145996e-01
9.099306464195251465e-01
9.080329537391662598e-01
8.919574618339538574e-01
8.874239325523376465e-01
9.011255502700805664e-01
9.124811887741088867e-01
9.131734371185302734e-01
9.045585393905639648e-01
8.993470668792724609e-01
9.099676012992858887e-01
9.051086306571960449e-01
9.108594655990600586e-01
9.044802188873291016e-01
9.014047384262084961e-01
9.166778922080993652e-01
9.092004895210266113e-01
9.030244946479797363e-01
9.130294919013977051e-01
9.110283255577087402e-01
9.171377420425415039e-01
8.929277658462524414e-01
8.919352889060974121e-01
9.158905744552612305e-01
9.055567979812622070e-01
9.032850861549377441e-01
9.052956700325012207e-01
8.971145749092102051e-01
8.993207216262817383e-01
9.112053513526916504e-01
9.164849519729614258e-01
9.067042469978332520e-01
9.070481061935424805e-01
9.158934354782104492e-01
9.121012687683105469e-01
9.025281667709350586e-01
9.101912975311279297e-01
9.207288026809692383e-01
9.196769595146179199e-01
9.083306789398193359e-01
9.045261144638061523e-01
9.151668548583984375e-01
9.196316003799438477e-01
9.130760431289672852e-01
9.116348624229431152e-01
9.178295731544494629e-01
9.202687144279479980e-01
9.123907685279846191e-01
9.100379943847656250e-01
9.203686714172363281e-01
9.171546101570129395e-01
8.989636301994323730e-01
9.128384590148925781e-01
9.201855659484863281e-01
9.222280979156494141e-01
9.221543073654174805e-01
8.917260169982910156e-01
8.652877211570739746e-01
8.902758955955505371e-01
9.182100296020507812e-01
9.040318727493286133e-01
8.980156779289245605e-01
9.082485437393188477e-01
8.957916498184204102e-01
8.781959414482116699e-01
9.000523090362548828e-01
9.085281491279602051e-01
9.004579186439514160e-01
9.147443771362304688e-01
9.190568923950195312e-01
9.109154343605041504e-01
9.163134098052978516e-01
9.217244982719421387e-01
9.207175970077514648e-01
9.171144366264343262e-01
9.031052589416503906e-01
9.008053541183471680e-01
9.171967506408691406e-01
9.139329791069030762e-01
9.080332517623901367e-01
9.126332402229309082e-01
9.198898673057556152e-01
9.124007821083068848e-01
9.165447354316711426e-01
9.261021614074707031e-01
9.247660636901855469e-01
9.202300310134887695e-01
9.232127070426940918e-01
9.142282605171203613e-01
9.117493629455566406e-01
9.200348258018493652e-01
9.217275381088256836e-01
9.164512753486633301e-01
9.171801805496215820e-01
9.271849989891052246e-01
9.296590089797973633e-01
9.179688692092895508e-01
9.075796604156494141e-01
9.063870310783386230e-01
9.154158234596252441e-01
9.321188926696777344e-01
9.104911088943481445e-01
8.965196013450622559e-01
8.883042335510253906e-01
9.220865368843078613e-01
9.059770107269287109e-01
8.921152353286743164e-01
9.095259904861450195e-01
9.025617837905883789e-01
8.696260452270507812e-01
8.879529237747192383e-01
9.178653955459594727e-01
9.240989685058593750e-01
9.053852558135986328e-01
8.838913440704345703e-01
8.720963001251220703e-01
8.937614560127258301e-01
8.861736655235290527e-01
8.936350941658020020e-01
9.174133539199829102e-01
8.908612132072448730e-01
8.364892601966857910e-01
8.608327507972717285e-01
9.183517694473266602e-01
9.220552444458007812e-01
9.210868477821350098e-01
9.187877774238586426e-01
9.058935046195983887e-01
8.934125304222106934e-01
8.959065079689025879e-01
9.071137309074401855e-01
9.061127305030822754e-01
8.993245363235473633e-01
9.015791416168212891e-01
9.030078649520874023e-01
8.918080925941467285e-01
9.008442759513854980e-01
9.075775742530822754e-01
9.113818407058715820e-01
9.133926630020141602e-01
9.206966757774353027e-01
9.157466888427734375e-01
9.044900536537170410e-01
8.972731828689575195e-01
9.059678316116333008e-01
9.117565155029296875e-01
8.979026079177856445e-01
9.029208421707153320e-01
9.197973608970642090e-01
8.933303952217102051e-01
8.832623958587646484e-01
9.094513654708862305e-01
9.196701049804687500e-01
9.008382558822631836e-01
8.852612376213073730e-01
9.004327654838562012e-01
9.213395118713378906e-01
9.135712981224060059e-01
9.070444703102111816e-01
9.136300683021545410e-01
9.074952602386474609e-01
9.040408134460449219e-01
9.150686264038085938e-01
9.276383519172668457e-01
9.233211278915405273e-01
9.228273034095764160e-01
9.198274612426757812e-01
9.102033376693725586e-01
9.091407060623168945e-01
9.225139021873474121e-01
9.166300892829895020e-01
9.196990728378295898e-01
9.123489856719970703e-01
9.161694049835205078e-01
9.227679967880249023e-01
9.200279712677001953e-01
9.266831874847412109e-01
9.276124835014343262e-01
9.215349555015563965e-01
9.213667511940002441e-01
9.301137924194335938e-01
9.219443202018737793e-01
9.212396144866943359e-01
9.289745688438415527e-01
9.288498163223266602e-01
9.260033965110778809e-01
9.308934211730957031e-01
9.307076930999755859e-01
9.291245341300964355e-01
9.263544678688049316e-01
9.292299151420593262e-01
9.325976371765136719e-01
9.292848110198974609e-01
9.272922873497009277e-01
9.301937222480773926e-01
9.327436089515686035e-01
9.308278560638427734e-01
