1.631164923310279846e-05
1.561869248689617962e-05
2.702464553294703364e-05
9.231200237991288304e-06
3.005173493875190616e-05
1.644479925744235516e-05
8.024164344533346593e-06
3.093235136475414038e-05
3.729060699697583914e-05
2.872245022444985807e-05
5.454255369841121137e-05
8.745078230276703835e-05
9.285256237490102649e-05
9.837467951001599431e-05
1.146940485341474414e-04
1.504524843767285347e-04
2.080617123283445835e-04
3.557003510650247335e-04
6.821926799602806568e-04
1.172840711660683155e-03
1.715361373499035835e-03
2.104065613821148872e-03
3.548959502950310707e-03
5.313042085617780685e-03
7.546852342784404755e-03
9.055112488567829132e-03
9.520197287201881409e-03
1.462866645306348801e-02
1.736564561724662781e-02
2.632296271622180939e-02
3.410908579826354980e-02
3.399559855461120605e-02
4.417752474546432495e-02
6.497178226709365845e-02
8.883384615182876587e-02
1.029649674892425537e-01
1.146373748779296875e-01
9.817178547382354736e-02
1.221124231815338135e-01
1.766172945499420166e-01
1.948297917842864990e-01
2.117977142333984375e-01
2.123624533414840698e-01
2.318446338176727295e-01
1.999151259660720825e-01
2.459670007228851318e-01
2.746464610099792480e-01
2.774283587932586670e-01
2.913033366203308105e-01
2.449785619974136353e-01
2.883051037788391113e-01
3.118594586849212646e-01
3.162187933921813965e-01
2.899896502494812012e-01
3.210008144378662109e-01
2.909232676029205322e-01
3.250886499881744385e-01
3.354300856590270996e-01
3.075532615184783936e-01
3.192751705646514893e-01
3.446544706821441650e-01
3.623747825622558594e-01
3.471695184707641602e-01
3.183963596820831299e-01
2.939604520797729492e-01
3.427484929561614990e-01
3.726156949996948242e-01
3.644751906394958496e-01
3.348681032657623291e-01
3.082004189491271973e-01
3.397311270236968994e-01
3.538268804550170898e-01
3.533099889755249023e-01
3.276746273040771484e-01
3.417690992355346680e-01
3.671405017375946045e-01
3.738010823726654053e-01
3.607680499553680420e-01
3.297705650329589844e-01
3.454573750495910645e-01
3.516682982444763184e-01
3.617547452449798584e-01
3.538154661655426025e-01
3.424146175384521484e-01
3.560146987438201904e-01
3.403941690921783447e-01
3.605033755302429199e-01
3.675526380538940430e-01
3.667856454849243164e-01
3.710151314735412598e-01
3.554814457893371582e-01
3.532008230686187744e-01
3.595822155475616455e-01
3.805343806743621826e-01
3.982787728309631348e-01
3.662143647670745850e-01
3.245302438735961914e-01
3.452230989933013916e-01
3.757284283638000488e-01
3.897873461246490479e-01
3.767876625061035156e-01
3.477416336536407471e-01
3.379238545894622803e-01
3.642310500144958496e-01
3.927221000194549561e-01
3.946146368980407715e-01
3.814056515693664551e-01
3.523220717906951904e-01
3.575411736965179443e-01
3.717193603515625000e-01
3.875414431095123291e-01
3.928319215774536133e-01
3.673443794250488281e-01
3.431607782840728760e-01
3.710445463657379150e-01
3.945262730121612549e-01
4.028547704219818115e-01
3.936962485313415527e-01
3.692245185375213623e-01
3.428226113319396973e-01
3.761228024959564209e-01
3.889536857604980469e-01
3.801900148391723633e-01
3.743546307086944580e-01
3.481587767601013184e-01
3.611927032470703125e-01
3.917529284954071045e-01
3.905230760574340820e-01
3.909528255462646484e-01
3.798794448375701904e-01
3.524121046066284180e-01
3.751481473445892334e-01
3.811306357383728027e-01
3.705409169197082520e-01
3.698970973491668701e-01
3.770123422145843506e-01
3.632344305515289307e-01
3.858791887760162354e-01
3.881690502166748047e-01
3.746672868728637695e-01
3.457561135292053223e-01
3.839022517204284668e-01
3.936106860637664795e-01
3.801310658454895020e-01
3.555421233177185059e-01
3.906686604022979736e-01
4.013685882091522217e-01
3.917820453643798828e-01
3.616578876972198486e-01
3.915354609489440918e-01
3.932916224002838135e-01
3.809227049350738525e-01
3.546695709228515625e-01
3.821716904640197754e-01
3.957999050617218018e-01
3.957957923412322998e-01
3.935760557651519775e-01
3.602849841117858887e-01
3.676648736000061035e-01
4.028891026973724365e-01
4.113228917121887207e-01
4.182097315788269043e-01
3.996962010860443115e-01
3.522704243659973145e-01
3.653473258018493652e-01
4.020451307296752930e-01
4.109001457691192627e-01
4.009414613246917725e-01
3.811483681201934814e-01
3.418749868869781494e-01
3.521451354026794434e-01
3.987337052822113037e-01
4.115971922874450684e-01
4.152643382549285889e-01
4.009217023849487305e-01
3.639415204524993896e-01
3.490122258663177490e-01
3.814828097820281982e-01
3.992216885089874268e-01
3.973394632339477539e-01
3.861498236656188965e-01
3.657811582088470459e-01
3.697368204593658447e-01
3.929469883441925049e-01
3.977174460887908936e-01
3.840278983116149902e-01
3.809170126914978027e-01
3.665198683738708496e-01
3.730432391166687012e-01
3.670127391815185547e-01
3.976940810680389404e-01
4.173872768878936768e-01
4.136054813861846924e-01
3.857361972332000732e-01
3.526465296745300293e-01
3.795093894004821777e-01
3.927114009857177734e-01
3.828791975975036621e-01
3.695171475410461426e-01
3.753841221332550049e-01
3.918516635894775391e-01
3.861721158027648926e-01
3.755171895027160645e-01
3.606104850769042969e-01
3.810514509677886963e-01
3.980314433574676514e-01
3.948955833911895752e-01
3.985756933689117432e-01
3.732576370239257812e-01
3.573380708694458008e-01
3.945631086826324463e-01
4.054525196552276611e-01
3.972910046577453613e-01
3.744434714317321777e-01
3.828102946281433105e-01
3.954982459545135498e-01
3.903537690639495850e-01
3.696752786636352539e-01
3.824928402900695801e-01
3.825076520442962646e-01
3.878309130668640137e-01
3.780879378318786621e-01
3.860636651515960693e-01
3.907157480716705322e-01
3.842544853687286377e-01
3.662745356559753418e-01
3.887545466423034668e-01
3.932744264602661133e-01
3.966353833675384521e-01
3.940620422363281250e-01
3.664762079715728760e-01
3.762933313846588135e-01
3.976420462131500244e-01
4.055160582065582275e-01
4.043656587600708008e-01
3.891022503376007080e-01
3.592605590820312500e-01
3.826234340667724609e-01
3.928748667240142822e-01
3.954553604125976562e-01
3.841480910778045654e-01
3.796632587909698486e-01
3.945746421813964844e-01
3.897191584110260010e-01
3.723783493041992188e-01
3.996283113956451416e-01
4.084366261959075928e-01
4.016729295253753662e-01
3.818512558937072754e-01
3.776167631149291992e-01
3.935357630252838135e-01
3.953729867935180664e-01
3.879963159561157227e-01
3.821828961372375488e-01
3.897621035575866699e-01
3.837983310222625732e-01
3.885374665260314941e-01
4.007391333580017090e-01
3.942103683948516846e-01
3.810112178325653076e-01
3.738436400890350342e-01
3.851601779460906982e-01
4.041043817996978760e-01
3.985941410064697266e-01
3.969993591308593750e-01
3.885151743888854980e-01
3.732834160327911377e-01
3.893937170505523682e-01
4.002186655998229980e-01
3.930099904537200928e-01
3.769437670707702637e-01
4.004737734794616699e-01
4.096600413322448730e-01
3.963290452957153320e-01
3.783356547355651855e-01
4.041960239410400391e-01
4.170322418212890625e-01
4.088779389858245850e-01
3.917909264564514160e-01
3.716334700584411621e-01
3.836739659309387207e-01
4.043683111667633057e-01
4.021227359771728516e-01
3.990679681301116943e-01
3.853539526462554932e-01
3.815323412418365479e-01
3.939834535121917725e-01
4.042524099349975586e-01
4.050150215625762939e-01
3.860775232315063477e-01
3.756188750267028809e-01
3.936098814010620117e-01
3.988327682018280029e-01
3.994915485382080078e-01
3.895248770713806152e-01
3.821094036102294922e-01
3.870757520198822021e-01
3.982237875461578369e-01
4.042011797428131104e-01
3.948335647583007812e-01
3.863824605941772461e-01
3.784100711345672607e-01
3.931383788585662842e-01
4.110127985477447510e-01
4.059685468673706055e-01
3.916788399219512939e-01
3.844505548477172852e-01
3.739276230335235596e-01
3.791259229183197021e-01
3.974648714065551758e-01
3.986673653125762939e-01
3.830134570598602295e-01
3.750197291374206543e-01
3.755948543548583984e-01
3.855621516704559326e-01
3.922302424907684326e-01
3.935106396675109863e-01
3.912315666675567627e-01
3.801442384719848633e-01
3.742226958274841309e-01
3.870998620986938477e-01
4.065859913825988770e-01
4.078962206840515137e-01
3.938337564468383789e-01
3.819801807403564453e-01
3.819929361343383789e-01
3.927099108695983887e-01
4.002470970153808594e-01
3.922088146209716797e-01
3.849615454673767090e-01
3.724849522113800049e-01
3.855349123477935791e-01
4.006766378879547119e-01
4.079757630825042725e-01
4.042732417583465576e-01
3.841172158718109131e-01
3.680732548236846924e-01
3.985272347927093506e-01
4.085280597209930420e-01
4.045393466949462891e-01
3.899818360805511475e-01
3.624225258827209473e-01
3.825300037860870361e-01
4.260308444499969482e-01
4.388964176177978516e-01
4.378745257854461670e-01
4.210956096649169922e-01
3.853620290756225586e-01
3.504974544048309326e-01
3.699982464313507080e-01
4.110193550586700439e-01
4.209034740924835205e-01
4.260892868041992188e-01
4.220450222492218018e-01
3.918536603450775146e-01
3.507743775844573975e-01
3.662113249301910400e-01
4.046021997928619385e-01
4.096783399581909180e-01
4.079703688621520996e-01
3.996296525001525879e-01
3.730377256870269775e-01
3.806277811527252197e-01
3.912649750709533691e-01
3.894868493080139160e-01
3.773516118526458740e-01
3.934176862239837646e-01
3.930403888225555420e-01
3.877839744091033936e-01
3.736374676227569580e-01
3.951493501663208008e-01
4.000109136104583740e-01
3.950892686843872070e-01
3.829199075698852539e-01
4.028664231300354004e-01
4.136576950550079346e-01
4.156360924243927002e-01
3.979818820953369141e-01
3.659829795360565186e-01
3.880204558372497559e-01
3.980086743831634521e-01
4.051239192485809326e-01
3.938940465450286865e-01
3.855565190315246582e-01
3.935856521129608154e-01
3.994243443012237549e-01
4.004487097263336182e-01
3.859337568283081055e-01
4.005869328975677490e-01
4.125537574291229248e-01
4.080736935138702393e-01
3.941583335399627686e-01
3.762442469596862793e-01
3.906614482402801514e-01
4.125375747680664062e-01
4.122401773929595947e-01
4.028587639331817627e-01
3.824503719806671143e-01
3.925862908363342285e-01
4.030098021030426025e-01
