6.920585794972095028e-14
1.290500502683714079e-13
2.358671255271033163e-13
3.100003977477006067e-13
3.304665026869491040e-13
3.950339675599240374e-13
4.590616081712184382e-13
5.606130793964214654e-13
8.264058382924377444e-13
1.157702297742424502e-12
1.669946190878401904e-12
2.979324686264162025e-12
5.582864465863979220e-12
1.412581510096266868e-11
4.103714937309099753e-11
1.909558067225702871e-10
1.411034178389058980e-09
1.002045557640940388e-08
9.232626041466573952e-08
3.672938078125298489e-07
1.165493586086085998e-06
2.163062390536651947e-06
6.834804480604361743e-06
3.307019142084755003e-05
7.661327981622889638e-05
1.738529244903475046e-04
2.689717221073806286e-04
5.177449784241616726e-04
1.153249642811715603e-03
1.482163905166089535e-03
2.278931671753525734e-03
3.457287559285759926e-03
3.806650638580322266e-03
4.333871416747570038e-03
5.570832174271345139e-03
6.248012650758028030e-03
6.566851865500211716e-03
7.267892360687255859e-03
7.264462765306234360e-03
7.801984902471303940e-03
8.790565654635429382e-03
1.030633971095085144e-02
1.265730708837509155e-02
1.437343098223209381e-02
1.514152903109788895e-02
1.491497084498405457e-02
1.861083507537841797e-02
2.233809232711791992e-02
2.587093599140644073e-02
2.905057743191719055e-02
2.874894626438617706e-02
3.613216429948806763e-02
4.109131917357444763e-02
4.597412422299385071e-02
5.251155793666839600e-02
5.822297930717468262e-02
6.609482318162918091e-02
7.113137096166610718e-02
7.846884429454803467e-02
8.769091218709945679e-02
9.018920361995697021e-02
1.019133403897285461e-01
1.085933223366737366e-01
1.127454861998558044e-01
1.261989623308181763e-01
1.273748427629470825e-01
1.349271535873413086e-01
1.438524425029754639e-01
1.388370543718338013e-01
1.451440900564193726e-01
1.559016406536102295e-01
1.560924947261810303e-01
1.590774357318878174e-01
1.685730367898941040e-01
1.748180985450744629e-01
1.758504211902618408e-01
1.841130107641220093e-01
1.922253966331481934e-01
1.957026273012161255e-01
1.981532275676727295e-01
2.071972042322158813e-01
2.168502658605575562e-01
2.216257452964782715e-01
2.298501729965209961e-01
2.342352569103240967e-01
2.387074679136276245e-01
2.482621520757675171e-01
2.508697807788848877e-01
2.556624412536621094e-01
2.649030089378356934e-01
2.656473517417907715e-01
2.712496519088745117e-01
2.807123661041259766e-01
2.791019380092620850e-01
2.860752344131469727e-01
2.962870299816131592e-01
2.812386453151702881e-01
2.834273576736450195e-01
3.074551522731781006e-01
3.008982837200164795e-01
2.914710938930511475e-01
3.154377639293670654e-01
3.260862529277801514e-01
3.191162347793579102e-01
3.316161334514617920e-01
3.373982310295104980e-01
3.349715769290924072e-01
3.446029424667358398e-01
3.482949733734130859e-01
3.427793383598327637e-01
3.520918786525726318e-01
3.635824620723724365e-01
3.629489541053771973e-01
3.689906597137451172e-01
3.727703392505645752e-01
3.770044445991516113e-01
3.833881020545959473e-01
3.778871893882751465e-01
3.856259584426879883e-01
3.908841609954833984e-01
3.908925354480743408e-01
3.991503119468688965e-01
4.017059504985809326e-01
4.053876996040344238e-01
4.086614847183227539e-01
4.130310714244842529e-01
4.193605780601501465e-01
4.211238622665405273e-01
4.266069829463958740e-01
4.298351407051086426e-01
4.334392249584197998e-01
4.356244206428527832e-01
4.358475804328918457e-01
4.440611898899078369e-01
4.405541718006134033e-01
4.449722468852996826e-01
4.541605114936828613e-01
4.554624855518341064e-01
4.561318457126617432e-01
4.653548896312713623e-01
4.659059345722198486e-01
4.707954525947570801e-01
4.748407006263732910e-01
4.775447249412536621e-01
4.844155609607696533e-01
4.881297349929809570e-01
4.877122938632965088e-01
4.918824136257171631e-01
4.975439012050628662e-01
4.862356185913085938e-01
4.939291477203369141e-01
5.042101144790649414e-01
5.058659911155700684e-01
5.127574205398559570e-01
5.167338848114013672e-01
5.164942741394042969e-01
5.222709774971008301e-01
5.167732238769531250e-01
5.209352970123291016e-01
5.314151644706726074e-01
5.334218740463256836e-01
5.350306630134582520e-01
5.401446819305419922e-01
5.441055893898010254e-01
5.481123328208923340e-01
5.443792939186096191e-01
5.491025447845458984e-01
5.547866821289062500e-01
5.567202568054199219e-01
5.586553812026977539e-01
5.614330768585205078e-01
5.644186735153198242e-01
5.688425898551940918e-01
5.623558759689331055e-01
5.672642588615417480e-01
5.741848349571228027e-01
5.759639143943786621e-01
5.802536010742187500e-01
5.817855000495910645e-01
5.840622782707214355e-01
5.894101858139038086e-01
5.862266421318054199e-01
5.892944335937500000e-01
5.971877574920654297e-01
5.957491993904113770e-01
6.001840829849243164e-01
6.001134514808654785e-01
6.041557192802429199e-01
5.937160849571228027e-01
5.984370112419128418e-01
6.082472205162048340e-01
6.056410074234008789e-01
6.126090288162231445e-01
6.120168566703796387e-01
6.156287193298339844e-01
6.180210113525390625e-01
6.187308430671691895e-01
6.231844425201416016e-01
6.229885220527648926e-01
6.256992220878601074e-01
6.269788742065429688e-01
6.225965619087219238e-01
6.293487548828125000e-01
6.289319992065429688e-01
6.314484477043151855e-01
6.355150341987609863e-01
6.334495544433593750e-01
6.398579478263854980e-01
6.422745585441589355e-01
6.420089602470397949e-01
6.441474556922912598e-01
6.457113027572631836e-01
6.474673748016357422e-01
6.487261056900024414e-01
6.494991779327392578e-01
6.522525548934936523e-01
6.389935016632080078e-01
6.459020972251892090e-01
6.520770788192749023e-01
6.523010730743408203e-01
6.579052805900573730e-01
6.597973704338073730e-01
6.602591872215270996e-01
6.629787087440490723e-01
6.533909440040588379e-01
6.590522527694702148e-01
6.655973196029663086e-01
6.649582386016845703e-01
6.684539914131164551e-01
6.695137619972229004e-01
6.712339520454406738e-01
6.714256405830383301e-01
6.731594204902648926e-01
6.726471185684204102e-01
6.742522716522216797e-01
6.746487021446228027e-01
6.752786040306091309e-01
6.798514127731323242e-01
6.714782118797302246e-01
6.750319600105285645e-01
6.781402230262756348e-01
6.776878833770751953e-01
6.837417483329772949e-01
6.810846328735351562e-01
6.861810088157653809e-01
6.733412742614746094e-01
6.714020967483520508e-01
6.907133460044860840e-01
6.640043854713439941e-01
6.566270589828491211e-01
6.884534955024719238e-01
6.726815700531005859e-01
6.543793082237243652e-01
6.782186627388000488e-01
6.953061819076538086e-01
6.742394566535949707e-01
6.843255162239074707e-01
6.969920396804809570e-01
6.894949674606323242e-01
6.998784542083740234e-01
6.856355667114257812e-01
6.772042512893676758e-01
6.975229978561401367e-01
6.876272559165954590e-01
6.808120608329772949e-01
7.019068002700805664e-01
6.911075711250305176e-01
6.834769248962402344e-01
7.029325366020202637e-01
7.000579237937927246e-01
6.874125599861145020e-01
7.040123939514160156e-01
7.034702897071838379e-01
6.983743309974670410e-01
7.077389955520629883e-01
7.049846649169921875e-01
7.001427412033081055e-01
7.120617032051086426e-01
7.059102058410644531e-01
6.966126561164855957e-01
7.095616459846496582e-01
7.102122902870178223e-01
7.064576745033264160e-01
7.158529162406921387e-01
7.102450728416442871e-01
7.050119638442993164e-01
7.167062163352966309e-01
7.151917815208435059e-01
7.098727822303771973e-01
7.195496559143066406e-01
7.113958597183227539e-01
7.067688107490539551e-01
7.186504602432250977e-01
7.164055109024047852e-01
7.112688422203063965e-01
7.204747200012207031e-01
7.171398401260375977e-01
7.101947069168090820e-01
7.216690778732299805e-01
7.256047129631042480e-01
7.202764153480529785e-01
7.273671030998229980e-01
7.243087887763977051e-01
7.201270461082458496e-01
7.271746397018432617e-01
7.226334214210510254e-01
7.201609611511230469e-01
7.287377119064331055e-01
7.197960019111633301e-01
7.124504446983337402e-01
7.266139388084411621e-01
7.286674976348876953e-01
7.220216393470764160e-01
7.299856543540954590e-01
7.293458580970764160e-01
7.236160039901733398e-01
7.309897541999816895e-01
7.300811409950256348e-01
7.270178198814392090e-01
7.338392138481140137e-01
7.279504537582397461e-01
7.226000428199768066e-01
7.337304353713989258e-01
7.340837121009826660e-01
7.305224537849426270e-01
7.372860312461853027e-01
7.328925728797912598e-01
7.274513840675354004e-01
7.358608245849609375e-01
7.342631816864013672e-01
7.304793596267700195e-01
7.374213337898254395e-01
7.341293692588806152e-01
7.303388118743896484e-01
7.398254871368408203e-01
7.373951077461242676e-01
7.336168289184570312e-01
7.414070367813110352e-01
7.394583225250244141e-01
7.333287000656127930e-01
7.405017614364624023e-01
7.391762733459472656e-01
7.365906238555908203e-01
7.428863644599914551e-01
7.382540106773376465e-01
7.342042326927185059e-01
7.423451542854309082e-01
7.442684173583984375e-01
7.427805066108703613e-01
7.462162375450134277e-01
7.422338724136352539e-01
7.405966520309448242e-01
7.462547421455383301e-01
7.404217720031738281e-01
7.390785813331604004e-01
7.459507584571838379e-01
7.375866770744323730e-01
7.343938350677490234e-01
7.441875338554382324e-01
7.492036819458007812e-01
7.438091039657592773e-01
7.482480406761169434e-01
7.438820004463195801e-01
7.431640028953552246e-01
7.478132247924804688e-01
7.464781403541564941e-01
7.491005063056945801e-01
7.529827952384948730e-01
7.455339431762695312e-01
7.424496412277221680e-01
7.499127388000488281e-01
7.491179704666137695e-01
7.468466758728027344e-01
7.525441646575927734e-01
7.493737339973449707e-01
7.446329593658447266e-01
7.532370686531066895e-01
7.505543828010559082e-01
7.490090131759643555e-01
7.555906772613525391e-01
7.510707378387451172e-01
7.485430836677551270e-01
7.560328245162963867e-01
7.522102594375610352e-01
7.495679855346679688e-01
7.526976466178894043e-01
7.490531802177429199e-01
7.479002475738525391e-01
7.534799575805664062e-01
7.597014904022216797e-01
7.565184235572814941e-01
7.602142095565795898e-01
7.511313557624816895e-01
7.511200308799743652e-01
7.554519772529602051e-01
7.523663043975830078e-01
7.561028599739074707e-01
7.605812549591064453e-01
7.571753859519958496e-01
7.538754940032958984e-01
