8.872797712683677673e-03
1.902171038091182709e-02
2.241189219057559967e-02
2.340250276029109955e-02
1.218003779649734497e-02
1.570839434862136841e-02
2.617263793945312500e-02
2.862082980573177338e-02
3.198097646236419678e-02
3.641347587108612061e-02
3.802642598748207092e-02
4.200389981269836426e-02
5.053390935063362122e-02
5.489510297775268555e-02
5.851086601614952087e-02
6.263216584920883179e-02
6.341512501239776611e-02
6.589238345623016357e-02
7.179231196641921997e-02
7.486427575349807739e-02
7.595533877611160278e-02
7.584579288959503174e-02
9.135855734348297119e-02
9.916963428258895874e-02
1.007182300090789795e-01
1.060710102319717407e-01
1.150356084108352661e-01
1.205416992306709290e-01
1.179029121994972229e-01
1.263062059879302979e-01
1.317000091075897217e-01
1.370659172534942627e-01
1.406580358743667603e-01
1.500200480222702026e-01
1.613253951072692871e-01
1.582310646772384644e-01
1.668025851249694824e-01
1.771928519010543823e-01
1.735448241233825684e-01
1.857599616050720215e-01
1.940228641033172607e-01
1.842930465936660767e-01
1.968357712030410767e-01
2.120046764612197876e-01
2.164165973663330078e-01
2.189612984657287598e-01
2.263421118259429932e-01
2.295773774385452271e-01
2.420178055763244629e-01
2.400702834129333496e-01
2.349746525287628174e-01
2.525449395179748535e-01
2.634442150592803955e-01
2.749152183532714844e-01
2.772351801395416260e-01
2.382509708404541016e-01
2.570223808288574219e-01
2.976081967353820801e-01
2.932814955711364746e-01
2.977907061576843262e-01
2.937585115432739258e-01
2.949493825435638428e-01
3.261565566062927246e-01
3.304776251316070557e-01
3.305110037326812744e-01
3.456699848175048828e-01
3.390672504901885986e-01
3.443892598152160645e-01
3.588581681251525879e-01
3.621692359447479248e-01
3.738714754581451416e-01
3.857983946800231934e-01
3.633489608764648438e-01
3.832522928714752197e-01
4.178300797939300537e-01
4.052852988243103027e-01
4.064477980136871338e-01
4.191190004348754883e-01
4.282458126544952393e-01
4.524536728858947754e-01
4.596105813980102539e-01
4.539089202880859375e-01
4.688748419284820557e-01
4.810323417186737061e-01
4.785884618759155273e-01
5.034775733947753906e-01
4.955343306064605713e-01
4.970436394214630127e-01
5.315833091735839844e-01
5.262073874473571777e-01
5.248333811759948730e-01
5.510983467102050781e-01
5.380807518959045410e-01
5.418813228607177734e-01
5.800018906593322754e-01
5.723620653152465820e-01
5.729834437370300293e-01
6.008262634277343750e-01
5.859355926513671875e-01
5.801483392715454102e-01
6.159335970878601074e-01
6.082424521446228027e-01
6.022818684577941895e-01
6.275439858436584473e-01
6.459267735481262207e-01
5.779396891593933105e-01
5.625566840171813965e-01
6.209802627563476562e-01
6.572472453117370605e-01
6.579646468162536621e-01
6.386222243309020996e-01
6.461271643638610840e-01
6.724577546119689941e-01
6.482138037681579590e-01
6.541706323623657227e-01
6.725793480873107910e-01
6.801798343658447266e-01
6.757051944732666016e-01
6.925439238548278809e-01
6.955378651618957520e-01
7.040675878524780273e-01
7.039526700973510742e-01
7.161005139350891113e-01
7.154322862625122070e-01
7.368988394737243652e-01
7.283818125724792480e-01
7.405067086219787598e-01
7.417427897453308105e-01
7.265169024467468262e-01
7.299593091011047363e-01
7.261248230934143066e-01
7.478537559509277344e-01
7.373793721199035645e-01
7.576553225517272949e-01
7.520832419395446777e-01
7.567454576492309570e-01
7.272249460220336914e-01
7.431289553642272949e-01
7.525042295455932617e-01
7.519207000732421875e-01
7.622672319412231445e-01
7.666944265365600586e-01
7.440094947814941406e-01
7.442889213562011719e-01
7.682036757469177246e-01
7.744585275650024414e-01
7.758848667144775391e-01
7.799216508865356445e-01
7.674682140350341797e-01
7.783759236335754395e-01
7.623401880264282227e-01
7.703620791435241699e-01
7.810320258140563965e-01
7.806521654129028320e-01
7.791837453842163086e-01
7.914309501647949219e-01
7.507120966911315918e-01
7.377631068229675293e-01
7.994776368141174316e-01
7.031931281089782715e-01
6.755420565605163574e-01
7.583377361297607422e-01
7.405562400817871094e-01
7.223009467124938965e-01
7.767578363418579102e-01
7.497383952140808105e-01
7.258103489875793457e-01
7.696079611778259277e-01
7.576028108596801758e-01
7.250284552574157715e-01
7.654789686203002930e-01
7.480149865150451660e-01
7.125653624534606934e-01
7.388845086097717285e-01
7.701702713966369629e-01
7.648761272430419922e-01
7.793815732002258301e-01
7.625045776367187500e-01
7.520945668220520020e-01
7.731454372406005859e-01
7.571564912796020508e-01
7.433202266693115234e-01
7.787097692489624023e-01
7.745420336723327637e-01
7.634530663490295410e-01
7.858421206474304199e-01
7.838233709335327148e-01
7.799006104469299316e-01
7.871508002281188965e-01
7.810862660408020020e-01
7.920132875442504883e-01
7.822252511978149414e-01
7.866720557212829590e-01
8.012043237686157227e-01
7.888019084930419922e-01
8.019173741340637207e-01
8.095355629920959473e-01
8.108453750610351562e-01
7.959445714950561523e-01
7.916193008422851562e-01
8.076887726783752441e-01
7.532171010971069336e-01
7.563433647155761719e-01
8.115084767341613770e-01
7.423340082168579102e-01
6.883927583694458008e-01
7.401064634323120117e-01
7.851749062538146973e-01
7.770143151283264160e-01
7.971240282058715820e-01
7.733448147773742676e-01
7.728259563446044922e-01
8.055214285850524902e-01
7.540513277053833008e-01
7.217574119567871094e-01
7.813867926597595215e-01
7.776179313659667969e-01
7.429094910621643066e-01
7.624772191047668457e-01
7.847511768341064453e-01
7.791718840599060059e-01
7.921822071075439453e-01
7.994303107261657715e-01
7.965772747993469238e-01
8.043025732040405273e-01
7.681494355201721191e-01
7.715759277343750000e-01
8.059217929840087891e-01
8.094637393951416016e-01
7.994702458381652832e-01
8.008550405502319336e-01
7.947753071784973145e-01
7.954081892967224121e-01
8.106914758682250977e-01
7.693537473678588867e-01
7.683693170547485352e-01
8.045887947082519531e-01
7.750002741813659668e-01
7.515532970428466797e-01
7.887578606605529785e-01
8.163227438926696777e-01
8.085276484489440918e-01
8.092928528785705566e-01
8.152155876159667969e-01
7.788015007972717285e-01
7.819827795028686523e-01
8.128294944763183594e-01
8.144721984863281250e-01
8.198251128196716309e-01
8.214637637138366699e-01
8.095409274101257324e-01
8.249979019165039062e-01
8.183023929595947266e-01
8.088205456733703613e-01
8.221901059150695801e-01
8.341191411018371582e-01
8.123680353164672852e-01
8.210195302963256836e-01
8.301738500595092773e-01
8.196280002593994141e-01
8.261716365814208984e-01
8.251956701278686523e-01
8.275834321975708008e-01
8.331400156021118164e-01
8.318786025047302246e-01
8.380512595176696777e-01
8.352432250976562500e-01
8.270667791366577148e-01
8.371289372444152832e-01
8.400219082832336426e-01
8.424372673034667969e-01
8.349030017852783203e-01
8.312067985534667969e-01
8.374687433242797852e-01
8.424842953681945801e-01
8.407331109046936035e-01
8.443757295608520508e-01
8.371803164482116699e-01
8.398101925849914551e-01
8.437578678131103516e-01
8.359692692756652832e-01
8.423143029212951660e-01
8.381419777870178223e-01
8.464550971984863281e-01
8.302103877067565918e-01
8.352382183074951172e-01
8.417907357215881348e-01
8.334140181541442871e-01
8.295507431030273438e-01
8.396283984184265137e-01
8.329076170921325684e-01
8.376494050025939941e-01
8.401418924331665039e-01
8.316431045532226562e-01
8.449680805206298828e-01
8.465078473091125488e-01
8.535883426666259766e-01
8.534743785858154297e-01
8.466955423355102539e-01
8.466639518737792969e-01
8.465372323989868164e-01
8.481234312057495117e-01
8.405386805534362793e-01
8.514962792396545410e-01
8.293772339820861816e-01
8.265992403030395508e-01
8.468741178512573242e-01
8.525053858757019043e-01
8.454833030700683594e-01
8.535506129264831543e-01
8.363402485847473145e-01
8.398723602294921875e-01
8.479704856872558594e-01
8.457804918289184570e-01
8.499781489372253418e-01
8.599096536636352539e-01
8.465475440025329590e-01
8.589737415313720703e-01
8.353995680809020996e-01
8.316302895545959473e-01
8.490712642669677734e-01
8.283833265304565430e-01
8.419858813285827637e-01
8.494452834129333496e-01
8.478903770446777344e-01
8.469511270523071289e-01
8.476144075393676758e-01
8.483844995498657227e-01
8.481629490852355957e-01
8.516805171966552734e-01
8.514961600303649902e-01
8.547325134277343750e-01
8.384399414062500000e-01
8.461022973060607910e-01
8.454158902168273926e-01
8.499107956886291504e-01
8.567156791687011719e-01
8.520385622978210449e-01
8.581779599189758301e-01
8.444982767105102539e-01
8.446393609046936035e-01
8.503745198249816895e-01
8.528683185577392578e-01
8.627181053161621094e-01
8.626395463943481445e-01
8.572392463684082031e-01
8.465074300765991211e-01
8.536638021469116211e-01
8.353628516197204590e-01
8.514110445976257324e-01
8.595959544181823730e-01
8.534503579139709473e-01
8.636298775672912598e-01
8.545838594436645508e-01
8.386212587356567383e-01
8.369810581207275391e-01
8.472169637680053711e-01
8.597822189331054688e-01
8.421431779861450195e-01
8.490375280380249023e-01
8.647975921630859375e-01
8.533897995948791504e-01
8.572682738304138184e-01
8.540886640548706055e-01
8.492293357849121094e-01
8.678629398345947266e-01
8.445874452590942383e-01
8.439692258834838867e-01
8.644647002220153809e-01
8.624796271324157715e-01
8.611048460006713867e-01
8.645632266998291016e-01
8.427912592887878418e-01
8.454912900924682617e-01
8.598051071166992188e-01
8.592012524604797363e-01
8.616391420364379883e-01
8.642778396606445312e-01
8.474252223968505859e-01
8.512828946113586426e-01
8.627539873123168945e-01
8.638200759887695312e-01
8.663008213043212891e-01
8.640277385711669922e-01
8.383160233497619629e-01
8.433084487915039062e-01
8.608813285827636719e-01
8.595075607299804688e-01
8.692200183868408203e-01
8.735397458076477051e-01
8.456297516822814941e-01
8.515874743461608887e-01
8.581450581550598145e-01
8.519551753997802734e-01
8.620244860649108887e-01
8.644899725914001465e-01
8.687201738357543945e-01
8.687097430229187012e-01
8.562748432159423828e-01
8.581746816635131836e-01
