3.361925337230786681e-05
1.056466771842679009e-05
2.198701804445590824e-05
2.028194649028591812e-05
1.334848548140143976e-05
1.484706990595441312e-05
1.122297635447466746e-05
1.795394382497761399e-05
2.423893602099269629e-05
2.221499562438111752e-05
1.891905230877455324e-05
1.661395253904629499e-05
1.934394822455942631e-05
2.804059113259427249e-05
4.317832281230948865e-05
6.589628173969686031e-05
9.531139949103817344e-05
1.195404838654212654e-04
1.771618117345497012e-04
2.662828192114830017e-04
3.829782071989029646e-04
5.279624601826071739e-04
6.941061001271009445e-04
1.024736440740525723e-03
1.424840767867863178e-03
1.865630503743886948e-03
2.609849441796541214e-03
3.767526242882013321e-03
5.548358894884586334e-03
8.136300370097160339e-03
1.278915163129568100e-02
1.872348971664905548e-02
2.975889295339584351e-02
4.484911262989044189e-02
6.013592705130577087e-02
7.654733210802078247e-02
9.127465635538101196e-02
1.136865839362144470e-01
1.197444349527359009e-01
1.446028798818588257e-01
1.581868678331375122e-01
1.747062951326370239e-01
1.722101271152496338e-01
1.853540837764739990e-01
2.180993407964706421e-01
2.232271283864974976e-01
2.310468405485153198e-01
2.327224761247634888e-01
2.499837577342987061e-01
2.587485313415527344e-01
2.790377140045166016e-01
2.988503873348236084e-01
2.872084975242614746e-01
3.035022318363189697e-01
3.430758714675903320e-01
3.567957580089569092e-01
3.648357689380645752e-01
3.519886732101440430e-01
3.997261226177215576e-01
4.108995199203491211e-01
4.088471531867980957e-01
4.081448912620544434e-01
4.393945634365081787e-01
4.349110126495361328e-01
4.258925020694732666e-01
4.752243161201477051e-01
4.810178875923156738e-01
4.818286299705505371e-01
5.058588385581970215e-01
5.271688103675842285e-01
5.126858949661254883e-01
4.825007021427154541e-01
5.369029045104980469e-01
5.409905314445495605e-01
5.142694711685180664e-01
5.299106240272521973e-01
5.667998194694519043e-01
5.774811506271362305e-01
5.888268947601318359e-01
5.667602419853210449e-01
6.063776612281799316e-01
6.115282177925109863e-01
5.998458266258239746e-01
5.592873692512512207e-01
5.972950458526611328e-01
5.645045042037963867e-01
5.884612202644348145e-01
5.909994840621948242e-01
5.753510594367980957e-01
6.130300164222717285e-01
6.310760378837585449e-01
6.302406787872314453e-01
6.261317133903503418e-01
6.445493698120117188e-01
6.441459655761718750e-01
6.040714979171752930e-01
6.438178420066833496e-01
6.472967863082885742e-01
6.393073797225952148e-01
6.479732990264892578e-01
6.346109509468078613e-01
6.408048868179321289e-01
6.578310132026672363e-01
6.607035398483276367e-01
6.119242906570434570e-01
6.557239294052124023e-01
6.650092005729675293e-01
6.593487858772277832e-01
6.775017976760864258e-01
5.800980329513549805e-01
6.059771180152893066e-01
6.824535131454467773e-01
6.392334699630737305e-01
6.470816731452941895e-01
6.594126224517822266e-01
6.384221911430358887e-01
6.740860939025878906e-01
6.610816717147827148e-01
6.646630167961120605e-01
6.753131151199340820e-01
6.402758359909057617e-01
6.542660593986511230e-01
6.830625534057617188e-01
6.696659326553344727e-01
6.823348402976989746e-01
6.668142080307006836e-01
6.786692738533020020e-01
6.749060153961181641e-01
6.810879707336425781e-01
6.681773066520690918e-01
6.890612840652465820e-01
6.963587403297424316e-01
6.832546591758728027e-01
6.887668967247009277e-01
6.933709383010864258e-01
6.705679893493652344e-01
6.954163312911987305e-01
7.009512186050415039e-01
6.550319194793701172e-01
6.891305446624755859e-01
6.927379965782165527e-01
6.849749684333801270e-01
6.966578960418701172e-01
6.648542284965515137e-01
6.958479881286621094e-01
7.168184518814086914e-01
7.030168175697326660e-01
6.772112846374511719e-01
6.490126848220825195e-01
6.883782148361206055e-01
6.934915781021118164e-01
6.860384345054626465e-01
6.198641657829284668e-01
6.430570483207702637e-01
6.767345070838928223e-01
6.620493531227111816e-01
6.872211098670959473e-01
6.825832128524780273e-01
6.936680078506469727e-01
7.056911587715148926e-01
7.044600844383239746e-01
6.530401110649108887e-01
6.903586983680725098e-01
7.049496173858642578e-01
6.957986950874328613e-01
7.094091176986694336e-01
6.624661684036254883e-01
6.731238365173339844e-01
7.037725448608398438e-01
7.102845311164855957e-01
7.032621502876281738e-01
6.794472932815551758e-01
7.048025727272033691e-01
7.073317766189575195e-01
6.937229633331298828e-01
6.680919528007507324e-01
6.899152994155883789e-01
7.071716785430908203e-01
6.752974987030029297e-01
6.766391992568969727e-01
7.041772603988647461e-01
7.093161940574645996e-01
6.998729705810546875e-01
7.051727175712585449e-01
6.876819133758544922e-01
6.887205839157104492e-01
7.117602825164794922e-01
6.956844329833984375e-01
6.895796060562133789e-01
7.101404070854187012e-01
6.973298788070678711e-01
7.013657689094543457e-01
7.079551815986633301e-01
6.906347274780273438e-01
7.066041827201843262e-01
7.114497423171997070e-01
7.044286727905273438e-01
7.079353332519531250e-01
7.209002375602722168e-01
7.107141017913818359e-01
7.151913046836853027e-01
7.102079987525939941e-01
7.021085619926452637e-01
6.935318708419799805e-01
7.157008051872253418e-01
6.596727967262268066e-01
6.758288741111755371e-01
7.106642723083496094e-01
6.983115673065185547e-01
6.771600842475891113e-01
6.926665306091308594e-01
7.104204893112182617e-01
7.177429795265197754e-01
7.022451758384704590e-01
7.147780060768127441e-01
7.269366979598999023e-01
7.198866009712219238e-01
7.120977640151977539e-01
7.118501067161560059e-01
6.787026524543762207e-01
6.758860349655151367e-01
7.096981406211853027e-01
6.766700744628906250e-01
6.867636442184448242e-01
7.123757004737854004e-01
7.154670357704162598e-01
7.059246301651000977e-01
7.068270444869995117e-01
7.206594944000244141e-01
7.223219275474548340e-01
6.973367333412170410e-01
7.212548255920410156e-01
7.246208786964416504e-01
7.127355337142944336e-01
6.980890631675720215e-01
6.979633569717407227e-01
7.007900476455688477e-01
7.122244238853454590e-01
7.208676338195800781e-01
7.255806326866149902e-01
7.101883888244628906e-01
7.248901128768920898e-01
7.199416756629943848e-01
6.864840984344482422e-01
7.147606611251831055e-01
7.049864530563354492e-01
7.028598189353942871e-01
7.264631986618041992e-01
6.546117067337036133e-01
6.533512473106384277e-01
7.273897528648376465e-01
7.160449624061584473e-01
6.996154785156250000e-01
7.143548727035522461e-01
7.034801840782165527e-01
7.065238356590270996e-01
7.184470295906066895e-01
7.073826193809509277e-01
7.111257910728454590e-01
7.196087241172790527e-01
7.227792143821716309e-01
6.904593110084533691e-01
7.111216783523559570e-01
7.053945660591125488e-01
7.133172750473022461e-01
7.086576819419860840e-01
7.058670520782470703e-01
7.234399318695068359e-01
6.879402399063110352e-01
6.903531551361083984e-01
7.278883457183837891e-01
7.127887010574340820e-01
7.092465162277221680e-01
7.222524285316467285e-01
6.952067613601684570e-01
7.086316347122192383e-01
7.148212790489196777e-01
7.186964750289916992e-01
7.157369256019592285e-01
7.209406495094299316e-01
7.339687943458557129e-01
7.317392826080322266e-01
7.242990136146545410e-01
7.310776114463806152e-01
7.288348078727722168e-01
6.772682070732116699e-01
6.992493867874145508e-01
7.185099124908447266e-01
7.073989510536193848e-01
7.322074174880981445e-01
6.824357509613037109e-01
6.843448281288146973e-01
7.337372899055480957e-01
7.280905246734619141e-01
7.321199774742126465e-01
7.123910784721374512e-01
7.186855077743530273e-01
7.345223426818847656e-01
7.317906022071838379e-01
7.129755020141601562e-01
7.218295931816101074e-01
7.342925667762756348e-01
7.315275073051452637e-01
7.122616171836853027e-01
7.242793440818786621e-01
7.257892489433288574e-01
7.052914500236511230e-01
7.187960147857666016e-01
7.181323170661926270e-01
7.209357023239135742e-01
7.275631427764892578e-01
6.996729969978332520e-01
7.157741189002990723e-01
7.373157143592834473e-01
7.296004295349121094e-01
7.159388065338134766e-01
6.957256197929382324e-01
7.215468883514404297e-01
7.207501530647277832e-01
7.182300090789794922e-01
7.288933396339416504e-01
6.760306954383850098e-01
6.757093071937561035e-01
7.258849143981933594e-01
7.221685051918029785e-01
7.028669714927673340e-01
7.092272043228149414e-01
7.084265947341918945e-01
7.147486805915832520e-01
7.266076207160949707e-01
7.270997166633605957e-01
7.120635509490966797e-01
7.250223755836486816e-01
7.183206677436828613e-01
7.243082523345947266e-01
7.343864440917968750e-01
7.040395736694335938e-01
7.175983190536499023e-01
7.347030639648437500e-01
7.302791476249694824e-01
7.278854846954345703e-01
6.957705616950988770e-01
7.097669243812561035e-01
7.290012240409851074e-01
7.295281291007995605e-01
7.209866642951965332e-01
7.205922603607177734e-01
7.326356172561645508e-01
7.337520122528076172e-01
7.316827178001403809e-01
7.091305255889892578e-01
7.218488454818725586e-01
7.354973554611206055e-01
7.316601276397705078e-01
7.227603793144226074e-01
7.155206203460693359e-01
7.274632453918457031e-01
7.372747659683227539e-01
7.331473231315612793e-01
7.285175323486328125e-01
7.401742339134216309e-01
7.388142347335815430e-01
7.364153861999511719e-01
7.086202502250671387e-01
7.205310463905334473e-01
7.297076582908630371e-01
7.268903255462646484e-01
7.243191003799438477e-01
7.085478305816650391e-01
7.249872684478759766e-01
7.388421893119812012e-01
7.353628873825073242e-01
7.309262752532958984e-01
7.322992086410522461e-01
7.376712560653686523e-01
7.406930923461914062e-01
7.379838824272155762e-01
6.966683268547058105e-01
7.046158909797668457e-01
7.319483757019042969e-01
7.340030074119567871e-01
7.230082750320434570e-01
7.203420400619506836e-01
7.352470755577087402e-01
7.349959611892700195e-01
7.434116005897521973e-01
7.229284048080444336e-01
7.322536110877990723e-01
7.381510734558105469e-01
7.312571406364440918e-01
7.323727011680603027e-01
7.207705974578857422e-01
7.306963801383972168e-01
7.401883006095886230e-01
7.315045595169067383e-01
7.239544391632080078e-01
7.390843629837036133e-01
7.396274209022521973e-01
7.354877591133117676e-01
7.383877038955688477e-01
