2.427133722449070774e-06
3.544772425811970606e-06
3.207065219612559304e-06
3.319658162581617944e-06
3.654143029052647762e-06
3.953986379201523960e-06
4.235592314216773957e-06
4.519177764450432733e-06
4.742987584904767573e-06
4.863090907747391611e-06
5.015842816646909341e-06
5.286010491545312107e-06
5.636537935060914606e-06
5.897767096030293033e-06
6.116124950494850054e-06
6.419810688385041431e-06
6.761345048289513215e-06
7.083715445332927629e-06
7.408287729049334303e-06
7.781068234180565923e-06
8.253256964962929487e-06
8.818225978757254779e-06
9.327955012849997729e-06
9.849136404227465391e-06
1.047099249262828380e-05
1.114771202992415056e-05
1.194686228700447828e-05
1.292107299377676100e-05
1.399583561578765512e-05
1.506480475654825568e-05
1.614514985703863204e-05
1.727111339278053492e-05
1.846209124778397381e-05
1.996942955884151161e-05
2.190963823522906750e-05
2.411961213510949165e-05
2.668445085873827338e-05
2.953385592263657600e-05
3.252435271861031651e-05
3.606251266319304705e-05
4.022620123578235507e-05
4.486164834816008806e-05
5.011444591218605638e-05
5.602207966148853302e-05
6.296441279118880630e-05
7.161806570366024971e-05
8.205790072679519653e-05
9.423297160537913442e-05
1.084287941921502352e-04
1.256613468285650015e-04
1.472564181312918663e-04
1.726800255710259080e-04
2.027932350756600499e-04
2.420634118607267737e-04
2.915845252573490143e-04
3.528240777086466551e-04
4.282284935470670462e-04
5.190608208067715168e-04
6.412664661183953285e-04
8.006977150216698647e-04
9.984635980799794197e-04
1.244182465597987175e-03
1.560298376716673374e-03
1.965097384527325630e-03
2.452346030622720718e-03
3.073154250159859657e-03
3.854680806398391724e-03
4.788901191204786301e-03
5.957028362900018692e-03
7.388596422970294952e-03
9.167540818452835083e-03
1.133047603070735931e-02
1.406786590814590454e-02
1.730632409453392029e-02
2.138059772551059723e-02
2.622801251709461212e-02
3.183542564511299133e-02
3.797771409153938293e-02
4.497005790472030640e-02
5.261133983731269836e-02
6.070213764905929565e-02
6.839577853679656982e-02
7.635077089071273804e-02
8.540695160627365112e-02
9.372812509536743164e-02
1.024851575493812561e-01
1.114240065217018127e-01
1.175806820392608643e-01
1.261549741029739380e-01
1.369742751121520996e-01
1.448604017496109009e-01
1.523091495037078857e-01
1.600320190191268921e-01
1.640041023492813110e-01
1.700390875339508057e-01
1.799781024456024170e-01
1.883140057325363159e-01
1.948099881410598755e-01
2.031593769788742065e-01
2.104195058345794678e-01
2.117200046777725220e-01
2.173526585102081299e-01
2.285234481096267700e-01
2.390390932559967041e-01
2.466622143983840942e-01
2.537850439548492432e-01
2.590005993843078613e-01
2.656776905059814453e-01
2.747721076011657715e-01
2.824375629425048828e-01
2.892084121704101562e-01
2.936086952686309814e-01
3.007772564888000488e-01
3.100906312465667725e-01
3.180028200149536133e-01
3.249740004539489746e-01
3.318322896957397461e-01
3.355425596237182617e-01
3.413324952125549316e-01
3.510354459285736084e-01
3.593946695327758789e-01
3.664093911647796631e-01
3.729370236396789551e-01
3.787820339202880859e-01
3.847001492977142334e-01
3.923502266407012939e-01
4.001474678516387939e-01
4.065768718719482422e-01
4.125624597072601318e-01
4.190963804721832275e-01
4.260015189647674561e-01
4.327675104141235352e-01
4.387731254100799561e-01
4.450883567333221436e-01
4.518623948097229004e-01
4.578281044960021973e-01
4.644560813903808594e-01
4.696931838989257812e-01
4.738600552082061768e-01
4.819735288619995117e-01
4.866555929183959961e-01
4.920445382595062256e-01
4.994468390941619873e-01
5.035744905471801758e-01
5.087363123893737793e-01
5.152106881141662598e-01
5.216168761253356934e-01
5.253515243530273438e-01
5.303923487663269043e-01
5.366476178169250488e-01
5.388873815536499023e-01
5.442354679107666016e-01
5.508595108985900879e-01
5.538316965103149414e-01
5.579137802124023438e-01
5.643373131752014160e-01
5.671573281288146973e-01
5.703859329223632812e-01
5.772380232810974121e-01
5.798383355140686035e-01
5.827202796936035156e-01
5.891036987304687500e-01
5.928048491477966309e-01
5.955982208251953125e-01
6.011378169059753418e-01
6.048649549484252930e-01
6.077597737312316895e-01
6.130531430244445801e-01
6.158375144004821777e-01
6.187968254089355469e-01
6.239114999771118164e-01
6.255407929420471191e-01
6.278988718986511230e-01
6.341882348060607910e-01
6.371551156044006348e-01
6.389391422271728516e-01
6.442727446556091309e-01
6.471382975578308105e-01
6.491476893424987793e-01
6.542592048645019531e-01
6.574123501777648926e-01
6.609360575675964355e-01
6.627249121665954590e-01
6.663410067558288574e-01
6.689100861549377441e-01
6.727070808410644531e-01
6.754037141799926758e-01
6.774281263351440430e-01
6.807809472084045410e-01
6.811514496803283691e-01
6.841880679130554199e-01
6.884874105453491211e-01
6.894938349723815918e-01
6.922782063484191895e-01
6.954890489578247070e-01
6.966353058815002441e-01
6.996734142303466797e-01
7.006886601448059082e-01
7.022107243537902832e-01
7.061781287193298340e-01
7.081558108329772949e-01
7.102261781692504883e-01
7.126641273498535156e-01
7.123343348503112793e-01
7.146338224411010742e-01
7.182561159133911133e-01
7.199685573577880859e-01
7.221955657005310059e-01
7.231643199920654297e-01
7.252362370491027832e-01
7.272485494613647461e-01
7.290285825729370117e-01
7.307913303375244141e-01
7.314934730529785156e-01
7.342115640640258789e-01
7.343190312385559082e-01
7.356171607971191406e-01
7.392769455909729004e-01
7.368310689926147461e-01
7.370961308479309082e-01
7.416977286338806152e-01
7.441326975822448730e-01
7.445325851440429688e-01
7.461383938789367676e-01
7.490482330322265625e-01
7.478821873664855957e-01
7.496876120567321777e-01
7.535474896430969238e-01
7.546556591987609863e-01
7.559834718704223633e-01
7.569340467453002930e-01
7.583161592483520508e-01
7.599962949752807617e-01
7.589744329452514648e-01
7.607464790344238281e-01
7.623578906059265137e-01
7.638432979583740234e-01
7.654967904090881348e-01
7.668066620826721191e-01
7.667022347450256348e-01
7.679009437561035156e-01
7.697775959968566895e-01
7.708634138107299805e-01
7.719885706901550293e-01
7.730236053466796875e-01
7.733873724937438965e-01
7.749428749084472656e-01
7.756028771400451660e-01
7.766993045806884766e-01
7.780780792236328125e-01
7.791050672531127930e-01
7.793647646903991699e-01
7.806527614593505859e-01
7.815420031547546387e-01
7.824011445045471191e-01
7.835885882377624512e-01
7.845661640167236328e-01
7.847774624824523926e-01
7.851667404174804688e-01
7.871129512786865234e-01
7.878640294075012207e-01
7.888377904891967773e-01
7.893781065940856934e-01
7.902738451957702637e-01
7.911900281906127930e-01
7.921342253684997559e-01
7.921052575111389160e-01
7.937769889831542969e-01
7.923337221145629883e-01
7.927666902542114258e-01
7.958114147186279297e-01
7.944375276565551758e-01
7.955532670021057129e-01
7.981551885604858398e-01
7.965112328529357910e-01
7.970594167709350586e-01
8.000183105468750000e-01
7.994656562805175781e-01
7.999807000160217285e-01
8.023195862770080566e-01
8.006678223609924316e-01
8.021138310432434082e-01
8.041107058525085449e-01
8.047336339950561523e-01
8.055500984191894531e-01
8.049481511116027832e-01
8.066381216049194336e-01
8.061757683753967285e-01
8.064911365509033203e-01
8.086345195770263672e-01
8.055031299591064453e-01
8.049871921539306641e-01
8.093851208686828613e-01
8.092633485794067383e-01
8.074361681938171387e-01
8.104431033134460449e-01
8.126678466796875000e-01
8.101620674133300781e-01
8.115841746330261230e-01
8.145845532417297363e-01
8.119393587112426758e-01
8.122641444206237793e-01
8.160268068313598633e-01
8.124482035636901855e-01
8.097864389419555664e-01
8.147988915443420410e-01
8.182908296585083008e-01
8.167762160301208496e-01
8.181000947952270508e-01
8.195373415946960449e-01
8.197135925292968750e-01
8.208997845649719238e-01
8.194113373756408691e-01
8.204951286315917969e-01
8.225958943367004395e-01
8.202530145645141602e-01
8.207587003707885742e-01
8.238003849983215332e-01
8.225076794624328613e-01
8.214008808135986328e-01
8.245652914047241211e-01
8.248062729835510254e-01
8.236815929412841797e-01
8.262934088706970215e-01
8.268976807594299316e-01
8.269416689872741699e-01
8.284810781478881836e-01
8.269588947296142578e-01
8.272401094436645508e-01
8.297864794731140137e-01
8.294353485107421875e-01
8.302887678146362305e-01
8.304758667945861816e-01
8.313660025596618652e-01
8.315339684486389160e-01
8.319733142852783203e-01
8.323792815208435059e-01
8.326137661933898926e-01
8.337541222572326660e-01
8.344693183898925781e-01
8.344023227691650391e-01
8.349924087524414062e-01
8.352525830268859863e-01
8.359716534614562988e-01
8.367179036140441895e-01
8.365761637687683105e-01
8.366797566413879395e-01
8.379711508750915527e-01
8.382478356361389160e-01
8.387646079063415527e-01
8.393667936325073242e-01
8.393430113792419434e-01
8.398953676223754883e-01
8.401274681091308594e-01
8.408733606338500977e-01
8.400188684463500977e-01
8.404577970504760742e-01
8.420056700706481934e-01
8.407722711563110352e-01
8.410004973411560059e-01
8.432826399803161621e-01
8.413767218589782715e-01
8.409622311592102051e-01
8.439763784408569336e-01
8.431618809700012207e-01
8.420766592025756836e-01
8.448413014411926270e-01
8.447570800781250000e-01
8.437994122505187988e-01
8.461852073669433594e-01
8.461115956306457520e-01
8.453300595283508301e-01
8.473122119903564453e-01
8.462030887603759766e-01
8.454679846763610840e-01
8.481504321098327637e-01
8.483112454414367676e-01
8.476361632347106934e-01
8.494444489479064941e-01
8.487131595611572266e-01
8.485211133956909180e-01
8.506177663803100586e-01
8.494942188262939453e-01
8.487329483032226562e-01
8.510756492614746094e-01
8.509859442710876465e-01
8.506246209144592285e-01
8.525516390800476074e-01
8.522522449493408203e-01
8.520194888114929199e-01
8.532999157905578613e-01
8.519431352615356445e-01
8.522130846977233887e-01
8.544930219650268555e-01
8.536127209663391113e-01
8.529095053672790527e-01
8.548425436019897461e-01
8.549168109893798828e-01
8.550279140472412109e-01
8.565028905868530273e-01
