3.359722541063092649e-05
2.868650881282519549e-05
1.330214308836730197e-05
1.996804712689481676e-05
6.559288522112183273e-06
5.416638032329501584e-06
2.299289008078631014e-05
2.732997563725803047e-05
2.444969322823453695e-05
2.040946674242150038e-05
1.473614338465267792e-05
3.186638787155970931e-05
8.233253902290016413e-05
1.626287121325731277e-04
3.036323469132184982e-04
4.949258291162550449e-04
9.447663323953747749e-04
2.029016148298978806e-03
4.462428856641054153e-03
9.026853367686271667e-03
1.932155527174472809e-02
3.260454908013343811e-02
4.245219752192497253e-02
6.869287043809890747e-02
1.082862019538879395e-01
1.407723426818847656e-01
1.408420801162719727e-01
1.922586113214492798e-01
2.592248320579528809e-01
2.720441222190856934e-01
3.185878098011016846e-01
3.154616057872772217e-01
3.158729970455169678e-01
3.925200998783111572e-01
4.504269957542419434e-01
4.491564333438873291e-01
4.649831056594848633e-01
4.605669081211090088e-01
4.448862969875335693e-01
4.771493971347808838e-01
5.095198750495910645e-01
5.177238583564758301e-01
5.329030752182006836e-01
5.224580168724060059e-01
5.035909414291381836e-01
4.961875975131988525e-01
5.127828121185302734e-01
5.228947997093200684e-01
5.478287935256958008e-01
5.543504357337951660e-01
5.462058782577514648e-01
5.325654745101928711e-01
5.543712973594665527e-01
5.902349948883056641e-01
5.914335846900939941e-01
5.648369193077087402e-01
5.496608614921569824e-01
5.919799208641052246e-01
6.023074984550476074e-01
6.104030609130859375e-01
6.177751421928405762e-01
5.913618206977844238e-01
6.172384619712829590e-01
6.260453462600708008e-01
6.373386979103088379e-01
6.335628032684326172e-01
6.279025673866271973e-01
5.943376421928405762e-01
6.354440450668334961e-01
6.520692706108093262e-01
6.620630025863647461e-01
6.826282143592834473e-01
6.566995978355407715e-01
6.520912051200866699e-01
6.473503708839416504e-01
6.773017644882202148e-01
6.951074600219726562e-01
6.914641857147216797e-01
6.807720065116882324e-01
6.844685077667236328e-01
6.888148784637451172e-01
6.957263946533203125e-01
6.656659841537475586e-01
6.916886568069458008e-01
6.958759427070617676e-01
6.761233806610107422e-01
7.077014446258544922e-01
6.716418266296386719e-01
7.017639875411987305e-01
7.298774123191833496e-01
7.296594977378845215e-01
7.191384434700012207e-01
7.040085196495056152e-01
6.811621785163879395e-01
7.154778242111206055e-01
7.283956408500671387e-01
7.045012116432189941e-01
7.380794882774353027e-01
7.378455996513366699e-01
7.187409996986389160e-01
7.432536482810974121e-01
7.414271235466003418e-01
7.364319562911987305e-01
7.496596574783325195e-01
7.440297603607177734e-01
7.566314935684204102e-01
7.519482970237731934e-01
7.502204775810241699e-01
7.670909166336059570e-01
7.599263191223144531e-01
7.539865374565124512e-01
7.623874545097351074e-01
7.509911060333251953e-01
7.595910429954528809e-01
7.814113497734069824e-01
7.901920080184936523e-01
7.967008948326110840e-01
7.629726529121398926e-01
7.470983862876892090e-01
7.678343653678894043e-01
7.721859812736511230e-01
7.890057563781738281e-01
7.777796983718872070e-01
7.825319766998291016e-01
7.936720252037048340e-01
7.777692079544067383e-01
7.631491422653198242e-01
7.731102108955383301e-01
7.937544584274291992e-01
8.047325611114501953e-01
7.960889935493469238e-01
7.452696561813354492e-01
7.592375874519348145e-01
7.945919036865234375e-01
7.867566943168640137e-01
7.796568274497985840e-01
7.819957733154296875e-01
7.797031402587890625e-01
7.706809043884277344e-01
7.792752981185913086e-01
7.907945513725280762e-01
7.836588621139526367e-01
7.663149237632751465e-01
7.918239235877990723e-01
7.909708619117736816e-01
7.774112224578857422e-01
7.789377570152282715e-01
7.823008894920349121e-01
7.797575592994689941e-01
7.854996323585510254e-01
7.960531711578369141e-01
8.069254159927368164e-01
8.105704188346862793e-01
8.087621927261352539e-01
7.826517820358276367e-01
7.983257174491882324e-01
8.058490157127380371e-01
7.987267374992370605e-01
8.086516857147216797e-01
7.874233722686767578e-01
7.882982492446899414e-01
8.160215020179748535e-01
8.244298696517944336e-01
8.159461021423339844e-01
7.854127883911132812e-01
7.960355281829833984e-01
8.093530535697937012e-01
8.190568685531616211e-01
8.275798559188842773e-01
8.190589547157287598e-01
8.161511421203613281e-01
8.190243840217590332e-01
8.134719729423522949e-01
8.167652487754821777e-01
8.071745038032531738e-01
8.202530145645141602e-01
8.341482281684875488e-01
8.164779543876647949e-01
7.991185784339904785e-01
8.079168796539306641e-01
8.004950284957885742e-01
8.016119599342346191e-01
8.173894882202148438e-01
8.308474421501159668e-01
8.194594383239746094e-01
7.947539687156677246e-01
8.004246354103088379e-01
8.151856660842895508e-01
8.019236922264099121e-01
8.098214268684387207e-01
8.291211724281311035e-01
8.097398877143859863e-01
8.013342022895812988e-01
8.201649188995361328e-01
8.160520792007446289e-01
8.172374367713928223e-01
8.373030424118041992e-01
8.121127486228942871e-01
8.033511638641357422e-01
8.154322504997253418e-01
8.189207315444946289e-01
8.205345273017883301e-01
8.295914530754089355e-01
8.296270966529846191e-01
8.199069499969482422e-01
8.295984864234924316e-01
8.378624916076660156e-01
8.280063271522521973e-01
8.087758421897888184e-01
8.189094066619873047e-01
8.415772914886474609e-01
8.327383399009704590e-01
8.285637497901916504e-01
8.223696351051330566e-01
8.249886035919189453e-01
8.350265026092529297e-01
8.426935672760009766e-01
8.424999713897705078e-01
8.420192599296569824e-01
8.294169902801513672e-01
8.292899727821350098e-01
8.299465179443359375e-01
8.173402547836303711e-01
8.211678266525268555e-01
8.436393141746520996e-01
8.400217890739440918e-01
8.289847373962402344e-01
8.390740156173706055e-01
8.301250934600830078e-01
8.306070566177368164e-01
8.432270288467407227e-01
8.478990197181701660e-01
8.516855835914611816e-01
8.477638959884643555e-01
8.352826237678527832e-01
8.363180756568908691e-01
8.439838886260986328e-01
8.509361147880554199e-01
8.456500172615051270e-01
8.509975671768188477e-01
8.483500480651855469e-01
8.403918743133544922e-01
8.321756720542907715e-01
8.343057632446289062e-01
8.495706915855407715e-01
8.521712422370910645e-01
8.535907864570617676e-01
8.479009866714477539e-01
8.342858552932739258e-01
8.346972465515136719e-01
8.430123329162597656e-01
8.520164489746093750e-01
8.524865508079528809e-01
8.369219303131103516e-01
8.129987716674804688e-01
8.402157425880432129e-01
8.496574759483337402e-01
8.296526074409484863e-01
8.386580348014831543e-01
8.364768028259277344e-01
8.175657987594604492e-01
8.358830809593200684e-01
8.612995743751525879e-01
8.538030385971069336e-01
8.442844748497009277e-01
8.476370573043823242e-01
8.451902270317077637e-01
8.390485048294067383e-01
8.429092764854431152e-01
8.469066619873046875e-01
8.536215424537658691e-01
8.515807390213012695e-01
8.419805169105529785e-01
8.483694791793823242e-01
8.569283485412597656e-01
8.541815280914306641e-01
8.292306065559387207e-01
8.324538469314575195e-01
8.499965071678161621e-01
8.351750969886779785e-01
8.190896511077880859e-01
8.454834222793579102e-01
8.489503860473632812e-01
8.436571359634399414e-01
8.532860875129699707e-01
8.616943359375000000e-01
8.526427745819091797e-01
8.516060709953308105e-01
8.566094636917114258e-01
8.599788546562194824e-01
8.577007651329040527e-01
8.597744703292846680e-01
8.523246645927429199e-01
8.564842343330383301e-01
8.558080792427062988e-01
8.545664548873901367e-01
8.499626517295837402e-01
8.614516854286193848e-01
8.600963950157165527e-01
8.545737266540527344e-01
8.598820567131042480e-01
8.519717454910278320e-01
8.484512567520141602e-01
8.593577146530151367e-01
8.578485846519470215e-01
8.602293133735656738e-01
8.655747771263122559e-01
8.600373864173889160e-01
8.670664429664611816e-01
8.458813428878784180e-01
8.525862693786621094e-01
8.620521426200866699e-01
8.582644462585449219e-01
8.614206910133361816e-01
8.583008050918579102e-01
8.629714846611022949e-01
8.677650094032287598e-01
8.549481034278869629e-01
8.561275601387023926e-01
8.683344721794128418e-01
8.703285455703735352e-01
8.637972474098205566e-01
8.626193404197692871e-01
8.635014891624450684e-01
8.660862445831298828e-01
8.668807744979858398e-01
8.520353436470031738e-01
8.590550422668457031e-01
8.697563409805297852e-01
8.638367056846618652e-01
8.591686487197875977e-01
8.576745986938476562e-01
8.658738732337951660e-01
8.686583042144775391e-01
8.642072677612304688e-01
8.597225546836853027e-01
8.646533489227294922e-01
8.671548962593078613e-01
8.649926781654357910e-01
8.648836016654968262e-01
8.676018714904785156e-01
8.685274124145507812e-01
8.651710152626037598e-01
8.640834689140319824e-01
8.690571188926696777e-01
8.696194887161254883e-01
8.697180151939392090e-01
8.666382431983947754e-01
8.661470413208007812e-01
8.712964057922363281e-01
8.711055517196655273e-01
8.646435141563415527e-01
8.618144989013671875e-01
8.671130537986755371e-01
8.591114878654479980e-01
8.661234974861145020e-01
8.692517280578613281e-01
8.511127233505249023e-01
8.597472906112670898e-01
8.750734329223632812e-01
8.702782988548278809e-01
8.668310046195983887e-01
8.643501996994018555e-01
8.637109398841857910e-01
8.706142902374267578e-01
8.647879362106323242e-01
8.542882204055786133e-01
8.655517101287841797e-01
8.680099248886108398e-01
8.668597936630249023e-01
8.685362935066223145e-01
8.661605715751647949e-01
8.678596615791320801e-01
8.717648983001708984e-01
8.768301010131835938e-01
8.766269683837890625e-01
8.692954778671264648e-01
8.693525195121765137e-01
8.772037625312805176e-01
8.740051984786987305e-01
8.606836795806884766e-01
8.690009713172912598e-01
8.740060925483703613e-01
8.758906722068786621e-01
8.747274279594421387e-01
8.441651463508605957e-01
8.439930081367492676e-01
8.730642795562744141e-01
8.645206689834594727e-01
8.480147123336791992e-01
8.642317652702331543e-01
8.466799259185791016e-01
8.420826792716979980e-01
8.634151816368103027e-01
8.736675381660461426e-01
8.650683164596557617e-01
8.573970794677734375e-01
8.672941327095031738e-01
8.636384010314941406e-01
8.603246212005615234e-01
