2.424847025395138189e-06
3.016080256657005521e-07
4.824159418603812810e-07
2.169487629544164520e-07
9.974844950022543344e-09
8.418869157367225853e-08
2.530890981233824277e-07
3.086322237777494593e-07
3.219299742340808734e-07
4.743664590023399796e-07
7.762033078506647144e-07
1.226926656272553373e-06
2.169280833186348900e-06
4.783361418958520517e-06
1.120751949201803654e-05
2.475720430084038526e-05
5.540236816159449518e-05
1.291513326577842236e-04
3.431261575315147638e-04
5.906196893192827702e-04
1.412390964105725288e-03
2.223322167992591858e-03
4.309740848839282990e-03
7.051412947475910187e-03
9.728871285915374756e-03
1.172707136720418930e-02
2.130759321153163910e-02
2.186305634677410126e-02
2.595836110413074493e-02
3.591788187623023987e-02
4.100169241428375244e-02
4.367367178201675415e-02
5.527096614241600037e-02
6.524210423231124878e-02
7.037004828453063965e-02
7.212097942829132080e-02
9.007029235363006592e-02
9.809000045061111450e-02
1.014227271080017090e-01
1.215696930885314941e-01
1.322056502103805542e-01
1.492237001657485962e-01
1.620327085256576538e-01
1.746108978986740112e-01
2.074047029018402100e-01
2.094442397356033325e-01
2.295635044574737549e-01
2.677527368068695068e-01
2.757506072521209717e-01
3.072506785392761230e-01
3.217235505580902100e-01
3.624286055564880371e-01
3.731528520584106445e-01
3.956989049911499023e-01
4.259471297264099121e-01
4.326447844505310059e-01
4.649252295494079590e-01
4.708692431449890137e-01
4.434150159358978271e-01
5.148947238922119141e-01
5.572845935821533203e-01
5.169911384582519531e-01
5.581840276718139648e-01
5.966628193855285645e-01
5.784733891487121582e-01
5.619390010833740234e-01
5.874425768852233887e-01
6.215202212333679199e-01
5.701320171356201172e-01
5.871261358261108398e-01
6.453829407691955566e-01
5.900274515151977539e-01
5.982087254524230957e-01
6.433357000350952148e-01
6.618196368217468262e-01
6.535968780517578125e-01
6.302659511566162109e-01
6.550339460372924805e-01
6.877903938293457031e-01
6.795074343681335449e-01
6.549839377403259277e-01
6.326262354850769043e-01
6.179643869400024414e-01
6.802250742912292480e-01
6.365254521369934082e-01
5.999685525894165039e-01
6.651213765144348145e-01
7.055817246437072754e-01
6.782573461532592773e-01
6.768112778663635254e-01
6.961057782173156738e-01
7.257642745971679688e-01
7.140585780143737793e-01
6.930198669433593750e-01
6.807606220245361328e-01
7.055673003196716309e-01
7.251998782157897949e-01
7.054674029350280762e-01
7.206311225891113281e-01
7.104254364967346191e-01
7.030814886093139648e-01
7.206447124481201172e-01
6.949424743652343750e-01
6.965705156326293945e-01
7.283998727798461914e-01
7.248039245605468750e-01
6.980151534080505371e-01
7.230848073959350586e-01
7.358083724975585938e-01
7.312464118003845215e-01
7.456433773040771484e-01
7.421151399612426758e-01
7.364189624786376953e-01
7.514231801033020020e-01
7.438578605651855469e-01
7.489443421363830566e-01
7.577138543128967285e-01
7.508706450462341309e-01
7.587863802909851074e-01
7.658669352531433105e-01
7.605847120285034180e-01
7.568911910057067871e-01
7.620987892150878906e-01
7.618986368179321289e-01
7.665135264396667480e-01
7.683962583541870117e-01
7.697264552116394043e-01
7.770966887474060059e-01
7.690372467041015625e-01
7.761857509613037109e-01
7.778786420822143555e-01
7.603203654289245605e-01
7.784037590026855469e-01
7.687892317771911621e-01
7.642866969108581543e-01
7.851864099502563477e-01
7.789182662963867188e-01
7.842550277709960938e-01
7.835673689842224121e-01
7.877657413482666016e-01
7.898476719856262207e-01
7.710577845573425293e-01
7.744862437248229980e-01
7.890796661376953125e-01
7.562499642372131348e-01
7.600373029708862305e-01
7.947295308113098145e-01
7.660424709320068359e-01
7.385464906692504883e-01
7.780402302742004395e-01
7.916384935379028320e-01
7.668520212173461914e-01
7.808813452720642090e-01
7.933005690574645996e-01
7.903327345848083496e-01
7.971539497375488281e-01
7.918058037757873535e-01
7.910574078559875488e-01
7.997229695320129395e-01
7.731425762176513672e-01
7.760862708091735840e-01
7.994146347045898438e-01
7.744241952896118164e-01
7.617932558059692383e-01
7.872237563133239746e-01
8.000061511993408203e-01
7.758756279945373535e-01
7.896830439567565918e-01
7.981731891632080078e-01
7.971037030220031738e-01
8.019134402275085449e-01
8.002422451972961426e-01
7.953004240989685059e-01
8.083336353302001953e-01
7.896661162376403809e-01
7.871950268745422363e-01
8.048043847084045410e-01
7.883368730545043945e-01
7.735161185264587402e-01
8.024457693099975586e-01
7.925528287887573242e-01
7.821688652038574219e-01
7.963572740554809570e-01
8.116608858108520508e-01
7.955784201622009277e-01
8.045095801353454590e-01
8.044428825378417969e-01
8.100494146347045898e-01
8.088014721870422363e-01
8.069238066673278809e-01
8.151021003723144531e-01
7.991524338722229004e-01
7.997252345085144043e-01
8.122567534446716309e-01
7.946988940238952637e-01
7.942002415657043457e-01
8.072372674942016602e-01
8.004188537597656250e-01
7.900293469429016113e-01
8.007227182388305664e-01
8.149998784065246582e-01
7.950928211212158203e-01
7.881896495819091797e-01
8.137861490249633789e-01
8.012470006942749023e-01
7.861032485961914062e-01
7.963647246360778809e-01
8.113355040550231934e-01
8.041445016860961914e-01
7.958801388740539551e-01
8.145096302032470703e-01
8.135682940483093262e-01
8.141263723373413086e-01
8.118568658828735352e-01
8.092098832130432129e-01
8.132247328758239746e-01
7.899565696716308594e-01
7.945642471313476562e-01
8.198353648185729980e-01
8.033270239830017090e-01
7.942703962326049805e-01
8.133081197738647461e-01
8.138347864151000977e-01
8.005568981170654297e-01
8.060370683670043945e-01
8.216356635093688965e-01
8.086228370666503906e-01
8.142216801643371582e-01
8.201528191566467285e-01
8.215829133987426758e-01
8.207758665084838867e-01
8.247960209846496582e-01
8.207800984382629395e-01
8.203945755958557129e-01
8.206756711006164551e-01
8.235204815864562988e-01
8.216282129287719727e-01
8.245455026626586914e-01
8.113687634468078613e-01
8.071103692054748535e-01
8.278552293777465820e-01
8.159458041191101074e-01
8.123563528060913086e-01
8.271708488464355469e-01
8.178831934928894043e-01
8.171557188034057617e-01
8.271024227142333984e-01
8.208835721015930176e-01
8.184857368469238281e-01
8.264414668083190918e-01
8.217394351959228516e-01
8.120872974395751953e-01
8.241754174232482910e-01
8.244348764419555664e-01
8.143861293792724609e-01
8.189852237701416016e-01
8.338061571121215820e-01
8.121675848960876465e-01
8.185836672782897949e-01
8.274767398834228516e-01
8.303506970405578613e-01
8.296986222267150879e-01
8.336451649665832520e-01
8.308493494987487793e-01
8.297966718673706055e-01
8.271964192390441895e-01
8.346827626228332520e-01
8.320990204811096191e-01
8.330802321434020996e-01
8.286807537078857422e-01
8.239948153495788574e-01
8.376730680465698242e-01
8.212547302246093750e-01
8.180214166641235352e-01
8.358211517333984375e-01
8.157747983932495117e-01
8.100032806396484375e-01
8.272214531898498535e-01
8.284691572189331055e-01
8.138898611068725586e-01
8.321878314018249512e-01
8.344411253929138184e-01
8.298044800758361816e-01
8.298066854476928711e-01
8.391121625900268555e-01
8.354834318161010742e-01
8.416620492935180664e-01
8.363161087036132812e-01
8.400495648384094238e-01
8.381107449531555176e-01
8.388491272926330566e-01
8.381212353706359863e-01
8.389831781387329102e-01
8.356936573982238770e-01
8.427561521530151367e-01
8.375171422958374023e-01
8.438526988029479980e-01
8.402357697486877441e-01
8.383289575576782227e-01
8.376259207725524902e-01
8.437276482582092285e-01
8.304520249366760254e-01
8.407503962516784668e-01
8.366218209266662598e-01
8.377907872200012207e-01
8.413767218589782715e-01
8.434792160987854004e-01
8.437643647193908691e-01
8.423757553100585938e-01
8.400133848190307617e-01
8.463504314422607422e-01
8.428726792335510254e-01
8.471418023109436035e-01
8.421180248260498047e-01
8.462232351303100586e-01
8.410295844078063965e-01
8.461913466453552246e-01
8.427810668945312500e-01
8.445408940315246582e-01
8.466396927833557129e-01
8.492610454559326172e-01
8.430932164192199707e-01
8.484886884689331055e-01
8.444726467132568359e-01
8.466903567314147949e-01
8.433946967124938965e-01
8.453385233879089355e-01
8.444402217864990234e-01
8.482587933540344238e-01
8.484477400779724121e-01
8.453244566917419434e-01
8.446938395500183105e-01
8.509432673454284668e-01
8.457070589065551758e-01
8.511946797370910645e-01
8.438380360603332520e-01
8.498761653900146484e-01
8.480163812637329102e-01
8.515729308128356934e-01
8.469639420509338379e-01
8.523241281509399414e-01
8.486384749412536621e-01
8.512135744094848633e-01
8.488281369209289551e-01
8.501323461532592773e-01
8.474140167236328125e-01
8.500581383705139160e-01
8.421071767807006836e-01
8.513957262039184570e-01
8.402715921401977539e-01
8.406609892845153809e-01
8.492940068244934082e-01
8.431984186172485352e-01
8.377026319503784180e-01
8.529308438301086426e-01
8.379480242729187012e-01
8.312057256698608398e-01
8.438649773597717285e-01
8.491122126579284668e-01
8.360384702682495117e-01
8.473536968231201172e-01
8.494142889976501465e-01
8.478899002075195312e-01
8.494690060615539551e-01
8.492251634597778320e-01
8.437628149986267090e-01
8.525568246841430664e-01
8.413335084915161133e-01
8.404226899147033691e-01
8.475700020790100098e-01
8.517251014709472656e-01
8.464035391807556152e-01
8.539767265319824219e-01
8.462374210357666016e-01
8.482593297958374023e-01
8.513760566711425781e-01
8.515083789825439453e-01
8.475645780563354492e-01
8.555811643600463867e-01
8.439360857009887695e-01
8.481680154800415039e-01
8.521418571472167969e-01
8.530814647674560547e-01
8.527806997299194336e-01
8.565839529037475586e-01
8.523998260498046875e-01
8.560900688171386719e-01
8.508279323577880859e-01
8.545910120010375977e-01
8.515071272850036621e-01
8.404127955436706543e-01
8.367436528205871582e-01
8.527020812034606934e-01
8.468926548957824707e-01
8.391847610473632812e-01
8.535527586936950684e-01
8.520367741584777832e-01
8.503466844558715820e-01
8.532815575599670410e-01
8.560379147529602051e-01
