8.858781307935714722e-03
3.179266676306724548e-02
1.235299184918403625e-02
6.445274222642183304e-03
2.613900927826762199e-03
4.768997896462678909e-04
1.412341371178627014e-03
1.367347314953804016e-03
2.119876910001039505e-03
2.267870120704174042e-03
1.804940286092460155e-03
1.320419250987470150e-03
7.698330446146428585e-04
8.393345633521676064e-04
1.158953178673982620e-03
1.544262398965656757e-03
1.861296594142913818e-03
2.095230855047702789e-03
2.213383093476295471e-03
2.308872528374195099e-03
2.959074685350060463e-03
5.371072329580783844e-03
8.868207223713397980e-03
1.315403170883655548e-02
1.814638637006282806e-02
2.369020879268646240e-02
2.767099626362323761e-02
3.193328529596328735e-02
4.429767280817031860e-02
5.582008883357048035e-02
7.458918541669845581e-02
1.095980182290077209e-01
1.313991248607635498e-01
1.531963944435119629e-01
2.016269415616989136e-01
2.063261270523071289e-01
2.175076007843017578e-01
2.381240874528884888e-01
2.396097183227539062e-01
2.790292203426361084e-01
3.252896666526794434e-01
3.075763285160064697e-01
3.225116431713104248e-01
3.838845193386077881e-01
4.152137339115142822e-01
4.149679541587829590e-01
3.924531936645507812e-01
4.346280395984649658e-01
4.375795423984527588e-01
4.518943130970001221e-01
4.359113276004791260e-01
4.477801322937011719e-01
4.834995865821838379e-01
4.847674965858459473e-01
5.016390085220336914e-01
4.691180288791656494e-01
4.441791474819183350e-01
4.681421816349029541e-01
5.233936905860900879e-01
5.188093781471252441e-01
4.935063123703002930e-01
4.616400301456451416e-01
4.809907674789428711e-01
5.337606668472290039e-01
5.324378609657287598e-01
5.056839585304260254e-01
4.904778301715850830e-01
5.104824304580688477e-01
5.099685192108154297e-01
5.169375538825988770e-01
5.434653759002685547e-01
5.109641551971435547e-01
5.186246037483215332e-01
5.519857406616210938e-01
5.580127239227294922e-01
5.759345889091491699e-01
5.001178383827209473e-01
4.773773550987243652e-01
5.531994104385375977e-01
5.700273513793945312e-01
5.496216416358947754e-01
5.081396102905273438e-01
5.197540521621704102e-01
5.399950742721557617e-01
5.533916354179382324e-01
5.409638881683349609e-01
5.328945517539978027e-01
5.423262119293212891e-01
5.620720982551574707e-01
5.602100491523742676e-01
5.177435874938964844e-01
5.369257330894470215e-01
5.761821866035461426e-01
5.858040452003479004e-01
5.912526249885559082e-01
5.550780296325683594e-01
5.265196561813354492e-01
5.270081758499145508e-01
5.373678207397460938e-01
5.557639598846435547e-01
5.649593472480773926e-01
5.653049945831298828e-01
5.242863893508911133e-01
5.183206796646118164e-01
5.519156455993652344e-01
5.748584866523742676e-01
5.596210956573486328e-01
5.378389358520507812e-01
5.362099409103393555e-01
5.521304607391357422e-01
5.605364441871643066e-01
5.667974948883056641e-01
5.709403157234191895e-01
5.525894761085510254e-01
5.373783707618713379e-01
5.478703379631042480e-01
5.713773965835571289e-01
5.716472864151000977e-01
5.582594275474548340e-01
5.389974117279052734e-01
5.622132420539855957e-01
5.733682513236999512e-01
5.685247182846069336e-01
5.538308620452880859e-01
5.489487051963806152e-01
5.641782283782958984e-01
5.690784454345703125e-01
5.576796531677246094e-01
5.490913987159729004e-01
5.627729296684265137e-01
5.681656002998352051e-01
5.664186477661132812e-01
5.499066114425659180e-01
5.608565807342529297e-01
5.667029619216918945e-01
5.634554624557495117e-01
5.609099268913269043e-01
5.655763745307922363e-01
5.472115874290466309e-01
5.647578239440917969e-01
5.737392306327819824e-01
5.658028125762939453e-01
5.501764416694641113e-01
5.600912570953369141e-01
5.734114050865173340e-01
5.707151889801025391e-01
5.476026535034179688e-01
5.489280223846435547e-01
5.831097364425659180e-01
5.776256918907165527e-01
5.557169914245605469e-01
5.269674062728881836e-01
5.401175022125244141e-01
5.771890878677368164e-01
5.806624889373779297e-01
5.730487108230590820e-01
5.649152398109436035e-01
5.277598500251770020e-01
5.229387879371643066e-01
5.606550574302673340e-01
5.832168459892272949e-01
5.871523022651672363e-01
5.842358469963073730e-01
5.623759031295776367e-01
5.394672751426696777e-01
5.651561617851257324e-01
5.639349222183227539e-01
5.714108943939208984e-01
5.640173554420471191e-01
5.650925636291503906e-01
5.619493722915649414e-01
5.539263486862182617e-01
5.544319152832031250e-01
5.711574554443359375e-01
5.806331634521484375e-01
5.778991580009460449e-01
5.536248087882995605e-01
5.498141646385192871e-01
5.676365494728088379e-01
5.799070596694946289e-01
5.833528637886047363e-01
5.705771446228027344e-01
5.573184490203857422e-01
5.728757977485656738e-01
5.717894434928894043e-01
5.561358928680419922e-01
5.738393664360046387e-01
5.778315663337707520e-01
5.802730321884155273e-01
5.585043430328369141e-01
5.454673767089843750e-01
5.773134827613830566e-01
5.848032832145690918e-01
5.690895915031433105e-01
5.339870452880859375e-01
5.494762063026428223e-01
5.840786695480346680e-01
5.896805524826049805e-01
5.915207862854003906e-01
5.715292096138000488e-01
5.268633961677551270e-01
5.374072194099426270e-01
5.851162075996398926e-01
6.004200577735900879e-01
5.975736975669860840e-01
5.764179229736328125e-01
5.481566786766052246e-01
5.561403036117553711e-01
5.812815427780151367e-01
5.796210169792175293e-01
5.701705217361450195e-01
5.377987623214721680e-01
5.532035827636718750e-01
5.904446244239807129e-01
5.987660884857177734e-01
5.927252769470214844e-01
5.738558769226074219e-01
5.298460721969604492e-01
5.282692313194274902e-01
5.611785650253295898e-01
5.880711674690246582e-01
5.860917568206787109e-01
5.706433653831481934e-01
5.470920205116271973e-01
5.627041459083557129e-01
5.747867226600646973e-01
5.781658291816711426e-01
5.639175176620483398e-01
5.599556565284729004e-01
5.769149661064147949e-01
5.866436362266540527e-01
5.863136053085327148e-01
5.621000528335571289e-01
5.445610284805297852e-01
5.694268345832824707e-01
5.773321986198425293e-01
5.790169239044189453e-01
5.748113393783569336e-01
5.609585046768188477e-01
5.607369542121887207e-01
5.696665644645690918e-01
5.768062472343444824e-01
5.749569535255432129e-01
5.639529228210449219e-01
5.479649901390075684e-01
5.796067118644714355e-01
5.709834694862365723e-01
5.557195544242858887e-01
5.581089854240417480e-01
5.761945843696594238e-01
5.744138360023498535e-01
5.654733777046203613e-01
5.421326160430908203e-01
5.601425766944885254e-01
5.898414254188537598e-01
5.905859470367431641e-01
6.015031337738037109e-01
5.895324349403381348e-01
5.479322075843811035e-01
5.407166481018066406e-01
5.598481893539428711e-01
5.724595785140991211e-01
5.757904052734375000e-01
5.681465864181518555e-01
5.351264476776123047e-01
5.436643362045288086e-01
5.729771256446838379e-01
5.776714086532592773e-01
5.717004537582397461e-01
5.578456521034240723e-01
5.179122090339660645e-01
5.259635448455810547e-01
5.635303258895874023e-01
5.714292526245117188e-01
5.748198032379150391e-01
5.503850579261779785e-01
5.309976935386657715e-01
5.602549314498901367e-01
5.850176215171813965e-01
5.759596824645996094e-01
5.561265349388122559e-01
5.564668178558349609e-01
5.574823021888732910e-01
5.645944476127624512e-01
5.564582943916320801e-01
5.541132688522338867e-01
5.641220211982727051e-01
5.686999559402465820e-01
5.598663687705993652e-01
5.554402470588684082e-01
5.458505153656005859e-01
5.534790158271789551e-01
5.652729868888854980e-01
5.518562197685241699e-01
5.481751561164855957e-01
5.492337346076965332e-01
5.631285905838012695e-01
5.678037405014038086e-01
5.694003701210021973e-01
5.537278652191162109e-01
5.599937438964843750e-01
5.603001713752746582e-01
5.639525651931762695e-01
5.535391569137573242e-01
5.585215687751770020e-01
5.755830407142639160e-01
5.739052891731262207e-01
5.660840868949890137e-01
5.592527985572814941e-01
5.777333378791809082e-01
5.740177631378173828e-01
5.555175542831420898e-01
5.758120417594909668e-01
5.729374885559082031e-01
5.627678036689758301e-01
5.894232392311096191e-01
5.898094773292541504e-01
5.692355036735534668e-01
5.428475737571716309e-01
5.614967942237854004e-01
5.857439637184143066e-01
5.934114456176757812e-01
5.904478430747985840e-01
5.694853663444519043e-01
5.469410419464111328e-01
5.625336170196533203e-01
5.868400335311889648e-01
5.889747142791748047e-01
5.793481469154357910e-01
5.526827573776245117e-01
5.501232743263244629e-01
5.699523687362670898e-01
5.655672550201416016e-01
5.633465647697448730e-01
5.630169510841369629e-01
5.713769197463989258e-01
5.668323040008544922e-01
5.607978105545043945e-01
5.729369521141052246e-01
5.655119419097900391e-01
5.481917262077331543e-01
5.547348856925964355e-01
5.816475749015808105e-01
5.911644697189331055e-01
5.911200046539306641e-01
5.721669793128967285e-01
5.354217886924743652e-01
5.452006459236145020e-01
5.866246819496154785e-01
6.016799211502075195e-01
5.937070846557617188e-01
5.700561404228210449e-01
5.500549674034118652e-01
5.694860219955444336e-01
5.764189958572387695e-01
5.771585106849670410e-01
5.742142796516418457e-01
5.531479716300964355e-01
5.668973922729492188e-01
5.860373377799987793e-01
5.907058119773864746e-01
5.696432590484619141e-01
5.509010553359985352e-01
5.648592114448547363e-01
5.728196501731872559e-01
5.854018330574035645e-01
5.878198742866516113e-01
5.573891997337341309e-01
5.566869974136352539e-01
5.653737187385559082e-01
5.749572515487670898e-01
5.640927553176879883e-01
5.626930594444274902e-01
5.615484118461608887e-01
5.717491507530212402e-01
5.799397826194763184e-01
5.609785318374633789e-01
5.606321692466735840e-01
5.883032679557800293e-01
5.979872345924377441e-01
5.935621261596679688e-01
5.666376352310180664e-01
5.467959046363830566e-01
5.577118396759033203e-01
5.826398134231567383e-01
5.861703157424926758e-01
5.828794240951538086e-01
5.562201738357543945e-01
5.576424002647399902e-01
5.970462560653686523e-01
6.045823097229003906e-01
5.988636016845703125e-01
5.709563493728637695e-01
5.151411294937133789e-01
5.216356515884399414e-01
5.664154887199401855e-01
5.891256928443908691e-01
5.926977992057800293e-01
5.868999958038330078e-01
5.476064682006835938e-01
