8.858781307935714722e-03
7.185400929301977158e-03
1.503902859985828400e-02
2.663537487387657166e-02
3.566297888755798340e-02
3.897486254572868347e-02
3.760987892746925354e-02
3.671379759907722473e-02
3.638162836432456970e-02
3.604972362518310547e-02
3.595514222979545593e-02
3.642135858535766602e-02
3.726113960146903992e-02
3.818427026271820068e-02
3.871925920248031616e-02
3.831187263131141663e-02
3.666033223271369934e-02
3.491840139031410217e-02
3.416028618812561035e-02
3.476946800947189331e-02
3.639552369713783264e-02
3.841868042945861816e-02
4.031681641936302185e-02
4.084344208240509033e-02
4.138907045125961304e-02
4.249611869454383850e-02
4.366739839315414429e-02
4.487890377640724182e-02
4.587081074714660645e-02
4.628542438149452209e-02
4.585951194167137146e-02
4.507866129279136658e-02
4.454159364104270935e-02
4.478887841105461121e-02
4.610950127243995667e-02
4.746646434068679810e-02
4.881481826305389404e-02
4.995665326714515686e-02
5.056618526577949524e-02
5.035206303000450134e-02
5.010094121098518372e-02
5.066651478409767151e-02
5.155923590064048767e-02
5.208001658320426941e-02
5.190989375114440918e-02
5.235512554645538330e-02
5.363925918936729431e-02
5.508632585406303406e-02
5.619724467396736145e-02
5.654998123645782471e-02
5.707254260778427124e-02
5.851986259222030640e-02
6.003486737608909607e-02
6.111549958586692810e-02
6.119472905993461609e-02
6.169746816158294678e-02
6.284622848033905029e-02
6.329274922609329224e-02
6.432582437992095947e-02
6.659619510173797607e-02
6.916668266057968140e-02
7.077093422412872314e-02
7.150457799434661865e-02
7.296571135520935059e-02
7.391651719808578491e-02
7.546760141849517822e-02
7.831656187772750854e-02
8.008935302495956421e-02
8.067931979894638062e-02
8.202686905860900879e-02
8.503693342208862305e-02
8.658268302679061890e-02
8.904669433832168579e-02
9.155786782503128052e-02
9.523144364356994629e-02
9.699952602386474609e-02
9.956986457109451294e-02
1.005967110395431519e-01
1.031137257814407349e-01
1.060170680284500122e-01
1.080528646707534790e-01
1.132626309990882874e-01
1.165367662906646729e-01
1.189103648066520691e-01
1.213468015193939209e-01
1.238224580883979797e-01
1.262514740228652954e-01
1.283140331506729126e-01
1.297405362129211426e-01
1.336454153060913086e-01
1.397944390773773193e-01
1.448489427566528320e-01
1.502670496702194214e-01
1.575337201356887817e-01
1.617622822523117065e-01
1.623951643705368042e-01
1.625744700431823730e-01
1.612002104520797729e-01
1.642138361930847168e-01
1.688309162855148315e-01
1.765724122524261475e-01
1.870255768299102783e-01
1.926782578229904175e-01
1.915723681449890137e-01
1.934016197919845581e-01
1.998881399631500244e-01
2.045571058988571167e-01
2.059271782636642456e-01
2.050568610429763794e-01
2.099877744913101196e-01
2.217219471931457520e-01
2.303268909454345703e-01
2.331672459840774536e-01
2.316961884498596191e-01
2.371223717927932739e-01
2.453373223543167114e-01
2.519240379333496094e-01
2.530440390110015869e-01
2.503495812416076660e-01
2.546001672744750977e-01
2.668377757072448730e-01
2.741923332214355469e-01
2.751137614250183105e-01
2.807423472404479980e-01
2.837667465209960938e-01
2.896546423435211182e-01
2.902613282203674316e-01
2.888827621936798096e-01
2.972087860107421875e-01
3.051031529903411865e-01
3.099154233932495117e-01
3.125219345092773438e-01
3.178032636642456055e-01
3.258433938026428223e-01
3.237597048282623291e-01
3.184182047843933105e-01
3.264544904232025146e-01
3.354395925998687744e-01
3.383446335792541504e-01
3.414518237113952637e-01
3.480194509029388428e-01
3.517026603221893311e-01
3.501569330692291260e-01
3.467441499233245850e-01
3.521004915237426758e-01
3.602733910083770752e-01
3.600936532020568848e-01
3.631567656993865967e-01
3.682126998901367188e-01
3.741725981235504150e-01
3.786413371562957764e-01
3.733944296836853027e-01
3.735994994640350342e-01
3.821697831153869629e-01
3.899000287055969238e-01
3.909094333648681641e-01
3.840202093124389648e-01
3.904001116752624512e-01
4.018858075141906738e-01
4.050887823104858398e-01
4.048273563385009766e-01
3.961048424243927002e-01
3.958176970481872559e-01
4.076946973800659180e-01
4.157184064388275146e-01
4.165073037147521973e-01
4.124121069908142090e-01
4.006272852420806885e-01
4.004881083965301514e-01
4.117350280284881592e-01
4.219739139080047607e-01
4.251797199249267578e-01
4.283900856971740723e-01
4.284318089485168457e-01
4.268952608108520508e-01
4.254865944385528564e-01
4.237596690654754639e-01
4.274886846542358398e-01
4.332908987998962402e-01
4.336507618427276611e-01
4.298524856567382812e-01
4.326083362102508545e-01
4.452631771564483643e-01
4.481844305992126465e-01
4.429922699928283691e-01
4.395659863948822021e-01
4.374525845050811768e-01
4.462723135948181152e-01
4.452598392963409424e-01
4.399674832820892334e-01
4.393523633480072021e-01
4.464094638824462891e-01
4.525851011276245117e-01
4.535670876502990723e-01
4.586378037929534912e-01
4.647406339645385742e-01
4.613247811794281006e-01
4.547444283962249756e-01
4.513591527938842773e-01
4.593883454799652100e-01
4.575869739055633545e-01
4.468469917774200439e-01
4.444684684276580811e-01
4.576213955879211426e-01
4.721798896789550781e-01
4.764286577701568604e-01
4.702851176261901855e-01
4.655252099037170410e-01
4.680741727352142334e-01
4.733136892318725586e-01
4.713189303874969482e-01
4.593539237976074219e-01
4.614523053169250488e-01
4.726000428199768066e-01
4.752237200736999512e-01
4.684460759162902832e-01
4.694680571556091309e-01
4.799681007862091064e-01
4.793697893619537354e-01
4.694951772689819336e-01
4.749626815319061279e-01
4.812817275524139404e-01
4.794225990772247314e-01
4.739533662796020508e-01
4.814338386058807373e-01
4.811720848083496094e-01
4.756327271461486816e-01
4.785634875297546387e-01
4.838508665561676025e-01
4.858751893043518066e-01
4.862887561321258545e-01
4.784832596778869629e-01
4.787266254425048828e-01
4.864388108253479004e-01
4.943701028823852539e-01
4.945751428604125977e-01
4.866060912609100342e-01
4.773985147476196289e-01
4.841417074203491211e-01
4.882663190364837646e-01
4.878222942352294922e-01
4.813906550407409668e-01
4.847521483898162842e-01
4.940243363380432129e-01
4.951534271240234375e-01
4.931014776229858398e-01
4.884756803512573242e-01
4.869217276573181152e-01
4.960719645023345947e-01
4.970414340496063232e-01
4.887771010398864746e-01
4.834730625152587891e-01
4.935044646263122559e-01
4.965140521526336670e-01
4.987828433513641357e-01
4.962143898010253906e-01
4.933028221130371094e-01
4.952185153961181641e-01
5.034291744232177734e-01
5.035680532455444336e-01
4.950469136238098145e-01
4.899176955223083496e-01
4.998518824577331543e-01
5.048914551734924316e-01
5.013759136199951172e-01
4.949646294116973877e-01
4.995177686214447021e-01
5.052744150161743164e-01
5.038241147994995117e-01
4.989920854568481445e-01
4.972807466983795166e-01
5.011411905288696289e-01
5.095825195312500000e-01
5.113981962203979492e-01
5.030711293220520020e-01
4.971721470355987549e-01
5.003228783607482910e-01
5.109643340110778809e-01
5.160661339759826660e-01
5.123216509819030762e-01
4.990433752536773682e-01
4.992112219333648682e-01
5.130653977394104004e-01
5.156673789024353027e-01
5.094199180603027344e-01
5.033332109451293945e-01
5.114019513130187988e-01
5.108628869056701660e-01
5.009464025497436523e-01
5.047060847282409668e-01
5.181748270988464355e-01
5.214214920997619629e-01
5.171271562576293945e-01
5.023959279060363770e-01
5.003104805946350098e-01
5.139197707176208496e-01
5.245019197463989258e-01
5.249766707420349121e-01
5.180723071098327637e-01
5.091084837913513184e-01
5.067898631095886230e-01
5.108497142791748047e-01
5.152209401130676270e-01
5.078399777412414551e-01
5.066349506378173828e-01
5.126129984855651855e-01
5.121225118637084961e-01
5.134434700012207031e-01
5.168324112892150879e-01
5.180937647819519043e-01
5.191544890403747559e-01
5.187829732894897461e-01
5.077319741249084473e-01
5.072705745697021484e-01
5.176222920417785645e-01
5.208170413970947266e-01
5.160703659057617188e-01
5.150407552719116211e-01
5.177198648452758789e-01
5.172718167304992676e-01
5.093169212341308594e-01
5.139297246932983398e-01
5.189422965049743652e-01
5.209581255912780762e-01
5.190250873565673828e-01
5.172989964485168457e-01
5.177710056304931641e-01
5.244792699813842773e-01
5.260000228881835938e-01
5.201298594474792480e-01
5.109411478042602539e-01
5.168672800064086914e-01
5.316095948219299316e-01
5.358356833457946777e-01
5.334848165512084961e-01
5.209392905235290527e-01
5.101738572120666504e-01
5.165966153144836426e-01
5.300595760345458984e-01
5.361806154251098633e-01
5.343131422996520996e-01
5.283824801445007324e-01
5.178672671318054199e-01
5.191984176635742188e-01
5.260184407234191895e-01
5.254923701286315918e-01
5.256925225257873535e-01
5.270854234695434570e-01
5.179436802864074707e-01
5.178892016410827637e-01
5.269964933395385742e-01
5.315201282501220703e-01
5.283334851264953613e-01
5.172665715217590332e-01
5.208877325057983398e-01
5.334568619728088379e-01
5.356837511062622070e-01
5.310713648796081543e-01
5.262181758880615234e-01
5.200013518333435059e-01
5.266031622886657715e-01
5.278904438018798828e-01
5.239091515541076660e-01
5.243448019027709961e-01
5.262346267700195312e-01
5.280331969261169434e-01
5.353111624717712402e-01
5.375759601593017578e-01
5.341132879257202148e-01
5.319982171058654785e-01
5.303580760955810547e-01
5.303696990013122559e-01
5.236582756042480469e-01
5.219448804855346680e-01
5.269779562950134277e-01
5.366722345352172852e-01
5.395075082778930664e-01
5.358435511589050293e-01
5.301209092140197754e-01
5.256632566452026367e-01
5.323562622070312500e-01
5.348348021507263184e-01
5.277588963508605957e-01
5.291761755943298340e-01
5.316355824470520020e-01
5.305924415588378906e-01
5.336648821830749512e-01
5.336139202117919922e-01
5.384183526039123535e-01
5.362184047698974609e-01
5.328165888786315918e-01
5.342167019844055176e-01
5.284094214439392090e-01
5.270730853080749512e-01
5.319486856460571289e-01
5.397994518280029297e-01
5.400925278663635254e-01
5.382853150367736816e-01
5.360193252563476562e-01
5.334333777427673340e-01
