2.013306133449077606e-02
8.789099007844924927e-02
1.099842265248298645e-01
6.740890443325042725e-03
6.413287669420242310e-02
9.216517210006713867e-02
8.543086796998977661e-02
6.971214711666107178e-02
5.098199099302291870e-02
3.726198896765708923e-02
2.925274893641471863e-02
2.546192705631256104e-02
2.390714921057224274e-02
2.278331108391284943e-02
2.186151966452598572e-02
2.132962457835674286e-02
2.057690918445587158e-02
2.019267901778221130e-02
1.960459351539611816e-02
2.088793925940990448e-02
2.238391339778900146e-02
2.388183772563934326e-02
2.793942764401435852e-02
3.355621173977851868e-02
4.034554585814476013e-02
5.142045393586158752e-02
6.206924468278884888e-02
7.133459299802780151e-02
8.378688991069793701e-02
1.079017743468284607e-01
1.483876258134841919e-01
1.905521154403686523e-01
2.404495328664779663e-01
2.730979323387145996e-01
2.994053065776824951e-01
3.423192799091339111e-01
3.693223893642425537e-01
4.071304798126220703e-01
4.355108141899108887e-01
4.855258166790008545e-01
5.445855259895324707e-01
5.859804153442382812e-01
5.505691170692443848e-01
4.736870825290679932e-01
4.921466410160064697e-01
5.600130558013916016e-01
5.744285583496093750e-01
5.573715567588806152e-01
6.097552776336669922e-01
6.193113327026367188e-01
6.082193255424499512e-01
6.190636754035949707e-01
6.271002888679504395e-01
6.068966984748840332e-01
6.285661458969116211e-01
6.368733048439025879e-01
6.165141463279724121e-01
6.913653016090393066e-01
7.263767719268798828e-01
7.365949153900146484e-01
7.031889557838439941e-01
6.741723418235778809e-01
6.398460268974304199e-01
6.729739904403686523e-01
7.133015990257263184e-01
6.939691305160522461e-01
7.198008894920349121e-01
7.363392114639282227e-01
7.414562106132507324e-01
7.396532297134399414e-01
6.858717799186706543e-01
7.042609453201293945e-01
7.239685058593750000e-01
7.615094184875488281e-01
7.901971340179443359e-01
7.602635025978088379e-01
7.396451234817504883e-01
7.439472079277038574e-01
7.845519781112670898e-01
7.788451910018920898e-01
7.420896887779235840e-01
7.634769082069396973e-01
7.928996086120605469e-01
7.905744314193725586e-01
7.784429192543029785e-01
8.040862083435058594e-01
7.864168882369995117e-01
7.834991812705993652e-01
7.857524752616882324e-01
7.969449162483215332e-01
7.663275599479675293e-01
7.891045212745666504e-01
8.325244784355163574e-01
8.455135822296142578e-01
8.094767928123474121e-01
8.052923679351806641e-01
8.385670185089111328e-01
8.230989575386047363e-01
7.808840870857238770e-01
7.948693037033081055e-01
8.334143161773681641e-01
8.356097340583801270e-01
8.237006068229675293e-01
8.436088562011718750e-01
8.481795191764831543e-01
8.399403095245361328e-01
8.139068484306335449e-01
8.227968215942382812e-01
8.532173633575439453e-01
8.587599396705627441e-01
8.514968156814575195e-01
8.397495746612548828e-01
8.510143160820007324e-01
8.536336421966552734e-01
8.414888978004455566e-01
8.572654724121093750e-01
8.580607175827026367e-01
8.627943396568298340e-01
8.560664653778076172e-01
8.310108780860900879e-01
8.403866291046142578e-01
8.727467656135559082e-01
8.790897727012634277e-01
8.676711916923522949e-01
8.572997450828552246e-01
8.618960976600646973e-01
8.702338337898254395e-01
8.841086030006408691e-01
8.795464038848876953e-01
8.560420870780944824e-01
8.569857478141784668e-01
8.618175983428955078e-01
8.872101306915283203e-01
8.948930501937866211e-01
8.894013762474060059e-01
8.743696808815002441e-01
8.692827224731445312e-01
8.809257745742797852e-01
8.773227930068969727e-01
8.757430911064147949e-01
8.912273049354553223e-01
8.920951485633850098e-01
8.835807442665100098e-01
8.829808831214904785e-01
8.940507769584655762e-01
8.680371046066284180e-01
8.714768886566162109e-01
8.750692009925842285e-01
8.909053206443786621e-01
8.852545022964477539e-01
8.714287877082824707e-01
8.755265474319458008e-01
8.819701075553894043e-01
8.962419629096984863e-01
8.408350944519042969e-01
8.175100684165954590e-01
8.512226939201354980e-01
8.522819876670837402e-01
8.323793411254882812e-01
8.538626432418823242e-01
8.603270053863525391e-01
8.522832989692687988e-01
8.784477710723876953e-01
8.765271902084350586e-01
8.751721382141113281e-01
8.563352823257446289e-01
8.602285385131835938e-01
8.863439559936523438e-01
8.864505290985107422e-01
8.961018323898315430e-01
8.969101905822753906e-01
8.942063450813293457e-01
8.845269680023193359e-01
8.544135093688964844e-01
8.615694046020507812e-01
8.910196423530578613e-01
9.032516479492187500e-01
8.889096975326538086e-01
8.900538682937622070e-01
8.948826789855957031e-01
8.813502192497253418e-01
8.867328763008117676e-01
8.658764362335205078e-01
8.631159067153930664e-01
8.980255126953125000e-01
8.997542858123779297e-01
8.904858827590942383e-01
8.784602880477905273e-01
8.487667441368103027e-01
8.623362779617309570e-01
9.074177145957946777e-01
8.882936835289001465e-01
8.861687183380126953e-01
9.034891128540039062e-01
9.027912616729736328e-01
9.071812629699707031e-01
8.917366862297058105e-01
8.769793510437011719e-01
8.964321613311767578e-01
8.950229883193969727e-01
8.893557190895080566e-01
8.979723453521728516e-01
9.025311470031738281e-01
9.041032791137695312e-01
9.048635363578796387e-01
8.871455192565917969e-01
8.908243179321289062e-01
9.062808752059936523e-01
9.035062193870544434e-01
8.983121514320373535e-01
8.992430567741394043e-01
9.074765443801879883e-01
9.063005447387695312e-01
9.021137356758117676e-01
9.051130414009094238e-01
9.139388203620910645e-01
8.979857563972473145e-01
9.022053480148315430e-01
9.153127074241638184e-01
9.049267172813415527e-01
9.065054059028625488e-01
9.073132276535034180e-01
9.110918045043945312e-01
9.017619490623474121e-01
9.048020839691162109e-01
9.116902947425842285e-01
9.029454588890075684e-01
9.024462699890136719e-01
9.162272810935974121e-01
9.163141250610351562e-01
9.129463434219360352e-01
9.027155041694641113e-01
9.089316129684448242e-01
9.177033901214599609e-01
9.165628552436828613e-01
9.156280755996704102e-01
9.150528907775878906e-01
9.165803194046020508e-01
9.157989621162414551e-01
9.059060811996459961e-01
9.131383895874023438e-01
9.246147274971008301e-01
9.196364283561706543e-01
9.096130728721618652e-01
9.101711511611938477e-01
9.212960004806518555e-01
9.162217974662780762e-01
9.168234467506408691e-01
9.210124015808105469e-01
9.097952246665954590e-01
9.075436592102050781e-01
9.205266833305358887e-01
9.158136844635009766e-01
9.130918979644775391e-01
9.140536785125732422e-01
9.083646535873413086e-01
9.021252989768981934e-01
9.196608662605285645e-01
9.263975024223327637e-01
9.239850640296936035e-01
9.116076827049255371e-01
9.118894934654235840e-01
9.182661175727844238e-01
9.246042966842651367e-01
9.226903319358825684e-01
9.147587418556213379e-01
9.229761958122253418e-01
9.171382784843444824e-01
9.187417030334472656e-01
9.181781411170959473e-01
9.240959882736206055e-01
9.170989990234375000e-01
8.963543772697448730e-01
9.145824909210205078e-01
8.967755436897277832e-01
8.909474015235900879e-01
9.216864705085754395e-01
9.017391204833984375e-01
8.696788549423217773e-01
8.979510664939880371e-01
9.217827320098876953e-01
8.945421576499938965e-01
8.945223093032836914e-01
9.126667976379394531e-01
9.237647056579589844e-01
9.160224199295043945e-01
8.995796442031860352e-01
8.812400698661804199e-01
8.887737989425659180e-01
9.131752848625183105e-01
9.093225002288818359e-01
9.041441082954406738e-01
9.070794582366943359e-01
9.085785150527954102e-01
9.029167890548706055e-01
9.086057543754577637e-01
9.170260429382324219e-01
9.105155467987060547e-01
9.063258171081542969e-01
9.132971763610839844e-01
9.121063947677612305e-01
9.036824703216552734e-01
9.089079499244689941e-01
9.149541258811950684e-01
9.254828095436096191e-01
9.225142002105712891e-01
9.119573235511779785e-01
9.094852805137634277e-01
9.131544232368469238e-01
9.235748648643493652e-01
9.252113699913024902e-01
9.190437793731689453e-01
9.177252054214477539e-01
9.124947786331176758e-01
9.254035353660583496e-01
9.244374036788940430e-01
9.164461493492126465e-01
9.176352024078369141e-01
9.246553182601928711e-01
9.225637912750244141e-01
9.235326051712036133e-01
9.178305864334106445e-01
9.102424383163452148e-01
9.228318929672241211e-01
9.267920851707458496e-01
9.164778590202331543e-01
9.232014417648315430e-01
9.231829047203063965e-01
9.201280474662780762e-01
9.089915752410888672e-01
8.946352005004882812e-01
9.067267179489135742e-01
9.264962673187255859e-01
9.141368865966796875e-01
9.078801274299621582e-01
9.209384918212890625e-01
9.033620953559875488e-01
8.915808200836181641e-01
9.084333181381225586e-01
9.222672581672668457e-01
9.155361056327819824e-01
8.933925032615661621e-01
9.016597270965576172e-01
9.191971421241760254e-01
8.962755799293518066e-01
9.062459468841552734e-01
9.203075766563415527e-01
9.182722568511962891e-01
9.089406728744506836e-01
9.179161190986633301e-01
9.240738749504089355e-01
8.945990800857543945e-01
9.066726565361022949e-01
9.173644781112670898e-01
9.128044247627258301e-01
9.135088324546813965e-01
9.066205620765686035e-01
9.128637313842773438e-01
9.219455122947692871e-01
9.098815917968750000e-01
9.220349788665771484e-01
9.050306081771850586e-01
9.025142192840576172e-01
9.253156781196594238e-01
9.066556692123413086e-01
8.845706582069396973e-01
9.021100997924804688e-01
9.128891229629516602e-01
8.959807157516479492e-01
9.132484197616577148e-01
9.120463728904724121e-01
8.824140429496765137e-01
8.973404169082641602e-01
9.154657721519470215e-01
9.042214751243591309e-01
9.131576418876647949e-01
9.209337830543518066e-01
9.105718731880187988e-01
9.097988605499267578e-01
9.117877483367919922e-01
9.134947061538696289e-01
9.253219962120056152e-01
9.148598313331604004e-01
9.197041988372802734e-01
9.201423525810241699e-01
9.159505963325500488e-01
9.172970056533813477e-01
9.256765842437744141e-01
9.290169477462768555e-01
9.229588508605957031e-01
9.079222679138183594e-01
9.129585027694702148e-01
9.293658733367919922e-01
9.140452146530151367e-01
9.088497757911682129e-01
9.251140952110290527e-01
9.219052195549011230e-01
9.114204645156860352e-01
9.227267503738403320e-01
9.215730428695678711e-01
