1.901588886976242065e-01
1.113479733467102051e-01
4.163958132266998291e-01
2.298456281423568726e-01
2.133829593658447266e-01
2.598966062068939209e-01
1.017576381564140320e-01
5.987445637583732605e-02
5.696064606308937073e-02
4.011269658803939819e-02
2.225098572671413422e-02
1.046314928680658340e-02
5.372899118810892105e-03
4.739110358059406281e-03
5.492028314620256424e-03
6.966334301978349686e-03
9.099283255636692047e-03
1.118885353207588196e-02
1.280160062015056610e-02
1.383812725543975830e-02
1.430805400013923645e-02
1.440533902496099472e-02
1.669452898204326630e-02
2.231335639953613281e-02
2.990612015128135681e-02
3.987917304039001465e-02
5.225101485848426819e-02
6.593284755945205688e-02
8.812812715768814087e-02
1.098100841045379639e-01
1.311047822237014771e-01
1.496667414903640747e-01
1.834315210580825806e-01
2.165209800004959106e-01
2.480505704879760742e-01
2.778969705104827881e-01
3.040235638618469238e-01
3.376943767070770264e-01
3.714514374732971191e-01
3.947015106678009033e-01
4.076563417911529541e-01
4.694631397724151611e-01
5.122632384300231934e-01
5.216480493545532227e-01
5.354794263839721680e-01
5.694707036018371582e-01
6.087542772293090820e-01
6.362721920013427734e-01
6.667224764823913574e-01
6.239135861396789551e-01
6.276052594184875488e-01
6.894689202308654785e-01
6.895381808280944824e-01
6.801486611366271973e-01
6.513604521751403809e-01
6.499390602111816406e-01
6.812403798103332520e-01
6.889375448226928711e-01
6.784631609916687012e-01
6.895384788513183594e-01
7.248716354370117188e-01
7.116141319274902344e-01
6.521375775337219238e-01
6.825633049011230469e-01
7.492496967315673828e-01
7.361079454421997070e-01
7.323037385940551758e-01
7.006421685218811035e-01
6.812232732772827148e-01
7.120041847229003906e-01
7.468036413192749023e-01
7.385463714599609375e-01
7.323228120803833008e-01
6.685366630554199219e-01
6.577758193016052246e-01
6.905279755592346191e-01
7.235183119773864746e-01
7.278015613555908203e-01
7.359384298324584961e-01
7.145872712135314941e-01
7.039932012557983398e-01
7.229377627372741699e-01
7.337428331375122070e-01
7.239881753921508789e-01
7.367010712623596191e-01
7.486376166343688965e-01
7.385444641113281250e-01
7.234765887260437012e-01
7.392396926879882812e-01
7.553768157958984375e-01
7.621068954467773438e-01
7.443583011627197266e-01
7.061976194381713867e-01
7.152029871940612793e-01
7.478236556053161621e-01
7.626140713691711426e-01
7.539136409759521484e-01
7.345974445343017578e-01
7.445107698440551758e-01
7.576149702072143555e-01
7.583528757095336914e-01
7.479598522186279297e-01
7.483849525451660156e-01
7.590345740318298340e-01
7.529998421669006348e-01
7.461647391319274902e-01
7.631120085716247559e-01
7.616098523139953613e-01
7.393749356269836426e-01
7.397043108940124512e-01
7.525783181190490723e-01
7.653223276138305664e-01
7.657694816589355469e-01
7.431434392929077148e-01
7.648219466209411621e-01
7.671111822128295898e-01
7.654056549072265625e-01
7.408589720726013184e-01
7.536635994911193848e-01
7.745046615600585938e-01
7.740474343299865723e-01
7.433409690856933594e-01
7.552247643470764160e-01
7.848516702651977539e-01
7.759662866592407227e-01
7.630205750465393066e-01
7.376799583435058594e-01
7.439917922019958496e-01
7.749350666999816895e-01
7.833285927772521973e-01
7.664878964424133301e-01
7.422164678573608398e-01
7.530525326728820801e-01
7.726905941963195801e-01
7.645538449287414551e-01
7.509723901748657227e-01
7.589768171310424805e-01
7.766815423965454102e-01
7.658923864364624023e-01
7.530170679092407227e-01
7.671238183975219727e-01
7.748061418533325195e-01
7.741284370422363281e-01
7.631772756576538086e-01
7.642689943313598633e-01
7.919065952301025391e-01
7.930853962898254395e-01
7.732732892036437988e-01
7.344570755958557129e-01
7.374468445777893066e-01
7.794443368911743164e-01
7.746850252151489258e-01
7.658369541168212891e-01
7.448969483375549316e-01
7.472416162490844727e-01
7.706056237220764160e-01
7.842393517494201660e-01
7.741622924804687500e-01
7.490068674087524414e-01
7.370657324790954590e-01
7.631282210350036621e-01
7.816731929779052734e-01
7.819923758506774902e-01
7.404755949974060059e-01
7.337168455123901367e-01
7.729927897453308105e-01
7.813969850540161133e-01
7.761369943618774414e-01
7.523290514945983887e-01
7.540946006774902344e-01
7.863281965255737305e-01
7.896807193756103516e-01
7.736304998397827148e-01
7.453051209449768066e-01
7.605296969413757324e-01
7.877683639526367188e-01
7.897612452507019043e-01
7.758529782295227051e-01
7.247257232666015625e-01
7.230103015899658203e-01
7.631077170372009277e-01
7.867930531501770020e-01
7.867678999900817871e-01
7.775022983551025391e-01
7.486364245414733887e-01
7.319704890251159668e-01
7.539394497871398926e-01
7.815397977828979492e-01
7.939832210540771484e-01
7.925393581390380859e-01
7.697728872299194336e-01
7.554615736007690430e-01
7.637133002281188965e-01
7.807517051696777344e-01
7.615520954132080078e-01
7.623348236083984375e-01
7.899687886238098145e-01
7.879370450973510742e-01
7.742235660552978516e-01
7.358497977256774902e-01
7.399048209190368652e-01
7.735745906829833984e-01
7.806421518325805664e-01
7.687147855758666992e-01
7.802084684371948242e-01
7.878722548484802246e-01
7.842421531677246094e-01
7.603052854537963867e-01
7.661829590797424316e-01
7.882485985755920410e-01
7.968802452087402344e-01
7.840107083320617676e-01
7.535313367843627930e-01
7.641503810882568359e-01
7.921066880226135254e-01
7.938840389251708984e-01
7.887626290321350098e-01
7.543919682502746582e-01
7.483485341072082520e-01
7.782339453697204590e-01
7.831172943115234375e-01
7.795733213424682617e-01
7.711656093597412109e-01
7.786601185798645020e-01
7.758336663246154785e-01
7.679266333580017090e-01
7.735484838485717773e-01
7.902613282203674316e-01
7.969278097152709961e-01
7.867082357406616211e-01
7.619454860687255859e-01
7.595114707946777344e-01
7.858322858810424805e-01
7.847929596900939941e-01
7.676459550857543945e-01
7.692157030105590820e-01
7.857447862625122070e-01
7.847659587860107422e-01
7.720860838890075684e-01
7.748399376869201660e-01
7.899539470672607422e-01
7.921117544174194336e-01
7.734143137931823730e-01
7.775776386260986328e-01
7.778563499450683594e-01
7.825657725334167480e-01
7.836148738861083984e-01
7.841571569442749023e-01
7.700920104980468750e-01
7.791830301284790039e-01
7.936114072799682617e-01
7.918255329132080078e-01
7.694999575614929199e-01
7.770319581031799316e-01
7.841648459434509277e-01
7.942614555358886719e-01
7.900999188423156738e-01
7.541951537132263184e-01
7.547685503959655762e-01
7.850329279899597168e-01
7.955831289291381836e-01
7.959124445915222168e-01
7.789826989173889160e-01
7.716701626777648926e-01
7.868665456771850586e-01
7.755357623100280762e-01
7.881225347518920898e-01
7.935336828231811523e-01
7.843225598335266113e-01
7.710859775543212891e-01
7.810058593750000000e-01
7.958298325538635254e-01
7.956881523132324219e-01
7.841306328773498535e-01
7.311887145042419434e-01
7.226637005805969238e-01
7.542971968650817871e-01
7.898460626602172852e-01
8.021124005317687988e-01
8.004900217056274414e-01
7.904081940650939941e-01
7.451437711715698242e-01
7.192102074623107910e-01
7.387611269950866699e-01
7.776833176612854004e-01
7.982231974601745605e-01
7.944350838661193848e-01
7.830415368080139160e-01
7.718766927719116211e-01
7.588611245155334473e-01
7.537999153137207031e-01
7.637648582458496094e-01
7.863424420356750488e-01
7.657057642936706543e-01
7.580250501632690430e-01
7.439371943473815918e-01
7.420271039009094238e-01
7.611421346664428711e-01
7.653312087059020996e-01
7.420281767845153809e-01
7.484826445579528809e-01
7.679392695426940918e-01
7.703539729118347168e-01
7.806780934333801270e-01
7.673743963241577148e-01
7.622331976890563965e-01
7.651431560516357422e-01
7.598471641540527344e-01
7.651506662368774414e-01
7.570067048072814941e-01
7.550512552261352539e-01
7.699872255325317383e-01
7.879736423492431641e-01
7.855620980262756348e-01
7.682392001152038574e-01
7.561423778533935547e-01
7.725740671157836914e-01
7.827298641204833984e-01
7.707028985023498535e-01
7.583531141281127930e-01
7.664887309074401855e-01
7.650210857391357422e-01
7.803363204002380371e-01
7.789415121078491211e-01
7.718864083290100098e-01
7.632912397384643555e-01
7.513707876205444336e-01
7.678678035736083984e-01
7.755089402198791504e-01
7.744114398956298828e-01
7.842327356338500977e-01
7.770357728004455566e-01
7.769930958747863770e-01
7.742481827735900879e-01
7.391268610954284668e-01
7.328917384147644043e-01
7.616630792617797852e-01
7.816030979156494141e-01
7.882102727890014648e-01
7.797172665596008301e-01
7.660160064697265625e-01
7.597678899765014648e-01
7.680399417877197266e-01
7.746428847312927246e-01
7.538846731185913086e-01
7.496178150177001953e-01
7.665269970893859863e-01
7.733799219131469727e-01
7.750545144081115723e-01
7.827131748199462891e-01
7.600529193878173828e-01
7.524664998054504395e-01
7.696840763092041016e-01
7.742908000946044922e-01
7.754633426666259766e-01
7.773478627204895020e-01
7.706643342971801758e-01
7.697717547416687012e-01
7.731698751449584961e-01
7.622935771942138672e-01
7.654050588607788086e-01
7.734719514846801758e-01
7.753241658210754395e-01
7.705534100532531738e-01
7.674682140350341797e-01
7.677109241485595703e-01
7.654714584350585938e-01
7.702240347862243652e-01
7.756419181823730469e-01
7.713943719863891602e-01
7.747236490249633789e-01
7.699915170669555664e-01
7.686459422111511230e-01
7.678149342536926270e-01
7.753885984420776367e-01
7.763749361038208008e-01
7.780030965805053711e-01
7.760465145111083984e-01
7.643944621086120605e-01
7.649829983711242676e-01
7.788793444633483887e-01
7.809492945671081543e-01
7.775232195854187012e-01
7.694627046585083008e-01
7.710276246070861816e-01
7.788265347480773926e-01
7.761628627777099609e-01
7.779371738433837891e-01
7.593758702278137207e-01
7.659374475479125977e-01
7.833557128906250000e-01
7.827164530754089355e-01
7.728822231292724609e-01
7.626340985298156738e-01
7.768260240554809570e-01
7.855154871940612793e-01
7.801970839500427246e-01
7.697187066078186035e-01
7.614224553108215332e-01
7.760382294654846191e-01
