2.347847260534763336e-02
8.875537663698196411e-02
1.879584938287734985e-01
1.268405746668577194e-02
2.486923476681113243e-03
1.676556468009948730e-02
4.615863785147666931e-02
3.243958950042724609e-02
2.245943434536457062e-02
3.001009672880172729e-02
4.177429899573326111e-02
4.759772121906280518e-02
4.382110387086868286e-02
3.225054964423179626e-02
3.148901462554931641e-02
4.340673238039016724e-02
6.403155624866485596e-02
8.725159615278244019e-02
1.140806302428245544e-01
1.433320492506027222e-01
1.755770593881607056e-01
2.171146869659423828e-01
2.526286542415618896e-01
2.830252051353454590e-01
3.345720171928405762e-01
3.937297761440277100e-01
4.511340558528900146e-01
5.062335729598999023e-01
5.366179943084716797e-01
6.031698584556579590e-01
6.695625185966491699e-01
7.065609693527221680e-01
7.339750528335571289e-01
7.298659086227416992e-01
7.566279172897338867e-01
7.997167110443115234e-01
8.411027193069458008e-01
8.474885225296020508e-01
8.680800795555114746e-01
8.733365535736083984e-01
8.705798983573913574e-01
8.927103877067565918e-01
9.169490337371826172e-01
9.185384511947631836e-01
9.310506582260131836e-01
9.351385831832885742e-01
9.383810758590698242e-01
9.370066523551940918e-01
9.416253566741943359e-01
9.363756775856018066e-01
9.372291564941406250e-01
9.484695196151733398e-01
9.203969836235046387e-01
9.262696504592895508e-01
9.489784240722656250e-01
9.499132633209228516e-01
9.430713653564453125e-01
9.403948187828063965e-01
9.540106654167175293e-01
9.542878270149230957e-01
9.564284682273864746e-01
9.021219015121459961e-01
9.277598261833190918e-01
9.444004893302917480e-01
9.309782981872558594e-01
9.540673494338989258e-01
8.831270933151245117e-01
8.695141077041625977e-01
9.369967579841613770e-01
9.272401928901672363e-01
9.029363989830017090e-01
9.272907972335815430e-01
9.263877272605895996e-01
9.073913693428039551e-01
9.164230823516845703e-01
9.310752749443054199e-01
9.345396757125854492e-01
9.268479943275451660e-01
9.221605658531188965e-01
9.191230535507202148e-01
9.338548183441162109e-01
9.328083992004394531e-01
9.291265010833740234e-01
9.362252950668334961e-01
9.311274290084838867e-01
9.332908987998962402e-01
9.367399215698242188e-01
9.350227117538452148e-01
9.417769908905029297e-01
9.413468241691589355e-01
9.372040033340454102e-01
9.387934803962707520e-01
9.406175613403320312e-01
9.448866844177246094e-01
9.414126276969909668e-01
9.508325457572937012e-01
9.536496400833129883e-01
9.365056157112121582e-01
9.411308765411376953e-01
9.523268342018127441e-01
9.501899480819702148e-01
9.516662955284118652e-01
9.529169797897338867e-01
9.460232853889465332e-01
9.406054615974426270e-01
9.470518231391906738e-01
9.447979331016540527e-01
9.418966174125671387e-01
9.501100182533264160e-01
9.554852247238159180e-01
9.494463801383972168e-01
9.517901539802551270e-01
9.551920294761657715e-01
9.559521675109863281e-01
9.582109451293945312e-01
9.568579196929931641e-01
9.545173645019531250e-01
9.577019810676574707e-01
9.554097056388854980e-01
9.554157257080078125e-01
9.600853323936462402e-01
9.599698185920715332e-01
9.584866762161254883e-01
9.613057374954223633e-01
9.611041545867919922e-01
9.614872932434082031e-01
9.648948907852172852e-01
9.618855714797973633e-01
9.605879187583923340e-01
9.647137522697448730e-01
9.681497812271118164e-01
9.619922041893005371e-01
9.685593247413635254e-01
9.598350524902343750e-01
9.598762392997741699e-01
9.686446189880371094e-01
9.557266831398010254e-01
9.555783271789550781e-01
9.580577015876770020e-01
9.587305188179016113e-01
9.558346867561340332e-01
9.443292617797851562e-01
9.580684304237365723e-01
9.579777717590332031e-01
9.579831361770629883e-01
9.244459867477416992e-01
9.056193828582763672e-01
9.390929937362670898e-01
9.660983085632324219e-01
9.517855048179626465e-01
9.205390810966491699e-01
9.289129972457885742e-01
9.614347815513610840e-01
9.494560360908508301e-01
9.357448220252990723e-01
9.485492706298828125e-01
9.506730437278747559e-01
9.562524557113647461e-01
9.563779830932617188e-01
9.594095945358276367e-01
9.515934586524963379e-01
9.503736495971679688e-01
9.543554782867431641e-01
9.619560837745666504e-01
9.405286908149719238e-01
9.461715221405029297e-01
9.573258161544799805e-01
9.574462771415710449e-01
9.568539261817932129e-01
9.252836108207702637e-01
9.129090905189514160e-01
9.421247839927673340e-01
9.513724446296691895e-01
9.547593593597412109e-01
9.577630162239074707e-01
9.479293823242187500e-01
9.518986344337463379e-01
9.592426419258117676e-01
9.260013103485107422e-01
9.133601784706115723e-01
9.428022503852844238e-01
9.589473009109497070e-01
9.445747733116149902e-01
9.444777965545654297e-01
9.546325206756591797e-01
9.524052143096923828e-01
9.501577615737915039e-01
9.420185685157775879e-01
9.495816826820373535e-01
9.508609771728515625e-01
9.506875872611999512e-01
9.456103444099426270e-01
9.464226961135864258e-01
9.468435645103454590e-01
9.403293728828430176e-01
9.497281908988952637e-01
9.355536103248596191e-01
9.148560762405395508e-01
9.347904920578002930e-01
9.519778490066528320e-01
9.397050142288208008e-01
9.414497613906860352e-01
9.552116394042968750e-01
9.535686373710632324e-01
9.466984868049621582e-01
9.494970440864562988e-01
9.473494887351989746e-01
9.369416236877441406e-01
9.200350642204284668e-01
9.393506050109863281e-01
9.472570419311523438e-01
9.540036916732788086e-01
9.499985575675964355e-01
9.437883496284484863e-01
9.428119659423828125e-01
9.481173157691955566e-01
9.475098848342895508e-01
9.201417565345764160e-01
9.284316301345825195e-01
9.437834024429321289e-01
9.365403056144714355e-01
9.369088411331176758e-01
9.495859146118164062e-01
9.461480975151062012e-01
9.440146684646606445e-01
9.553876519203186035e-01
9.520925283432006836e-01
9.451460242271423340e-01
9.534056782722473145e-01
9.476441144943237305e-01
9.390262365341186523e-01
9.522186517715454102e-01
9.564731121063232422e-01
9.486489892005920410e-01
9.433392882347106934e-01
9.544432759284973145e-01
9.491852521896362305e-01
9.478347897529602051e-01
9.572658538818359375e-01
9.498210549354553223e-01
9.560909867286682129e-01
9.618563652038574219e-01
9.538810849189758301e-01
9.564847946166992188e-01
9.581435918807983398e-01
9.566263556480407715e-01
9.534822702407836914e-01
9.591302275657653809e-01
9.580755829811096191e-01
9.559457898139953613e-01
9.554181098937988281e-01
9.586255550384521484e-01
9.535638689994812012e-01
9.464706778526306152e-01
9.551540613174438477e-01
9.590185880661010742e-01
9.417996406555175781e-01
9.520599842071533203e-01
9.619948863983154297e-01
9.581372141838073730e-01
9.564228653907775879e-01
9.609712958335876465e-01
9.585353732109069824e-01
9.604470133781433105e-01
9.644676446914672852e-01
9.629580974578857422e-01
9.602096080780029297e-01
9.548172950744628906e-01
9.514119625091552734e-01
9.561128020286560059e-01
9.616266489028930664e-01
9.552257061004638672e-01
9.625412225723266602e-01
9.625325798988342285e-01
9.543915987014770508e-01
9.580428004264831543e-01
9.658808708190917969e-01
9.592886567115783691e-01
9.589088559150695801e-01
9.661999940872192383e-01
9.566798210144042969e-01
9.552109241485595703e-01
9.640971422195434570e-01
9.639176130294799805e-01
9.607247114181518555e-01
9.647044539451599121e-01
9.636226892471313477e-01
9.633207917213439941e-01
9.664592146873474121e-01
9.643841385841369629e-01
9.635476469993591309e-01
9.657134413719177246e-01
9.572267532348632812e-01
9.649386405944824219e-01
9.686366319656372070e-01
9.691679477691650391e-01
9.607203006744384766e-01
9.619833230972290039e-01
9.684284925460815430e-01
9.681238532066345215e-01
9.652897715568542480e-01
9.669305086135864258e-01
9.624019265174865723e-01
9.661095738410949707e-01
9.628120064735412598e-01
9.553118348121643066e-01
9.674288034439086914e-01
9.680961966514587402e-01
9.709923863410949707e-01
9.701003432273864746e-01
9.636444449424743652e-01
9.663981795310974121e-01
9.697943925857543945e-01
9.711410403251647949e-01
9.702838659286499023e-01
9.634673595428466797e-01
9.655367732048034668e-01
9.703624248504638672e-01
9.700031280517578125e-01
9.698412418365478516e-01
9.647427797317504883e-01
9.686312079429626465e-01
9.651315212249755859e-01
9.593946933746337891e-01
9.663110971450805664e-01
9.707961082458496094e-01
9.620987176895141602e-01
9.585018754005432129e-01
9.672647714614868164e-01
9.688102602958679199e-01
9.552233815193176270e-01
9.591091871261596680e-01
9.732814431190490723e-01
9.649887681007385254e-01
9.625318646430969238e-01
9.723310470581054688e-01
9.625673294067382812e-01
9.575284123420715332e-01
9.699278473854064941e-01
9.695260524749755859e-01
9.655600786209106445e-01
9.681143760681152344e-01
9.633239507675170898e-01
9.573587775230407715e-01
9.655260443687438965e-01
9.724229574203491211e-01
9.660801291465759277e-01
9.656988978385925293e-01
9.696502089500427246e-01
9.654927253723144531e-01
9.700181484222412109e-01
9.548954367637634277e-01
9.714334607124328613e-01
9.516813755035400391e-01
9.591755270957946777e-01
9.593704938888549805e-01
9.559485912322998047e-01
9.685724377632141113e-01
9.501928687095642090e-01
9.578106999397277832e-01
9.682970046997070312e-01
9.482286572456359863e-01
9.570260643959045410e-01
9.690123200416564941e-01
9.592071771621704102e-01
9.623326063156127930e-01
9.667589068412780762e-01
9.604353308677673340e-01
9.594009518623352051e-01
9.604262113571166992e-01
9.582595825195312500e-01
9.530483484268188477e-01
9.612563252449035645e-01
9.680614471435546875e-01
9.675447344779968262e-01
9.668191671371459961e-01
9.670709371566772461e-01
9.667610526084899902e-01
9.688921570777893066e-01
9.532905220985412598e-01
9.545509815216064453e-01
9.666806459426879883e-01
9.638899564743041992e-01
9.498227834701538086e-01
9.506548047065734863e-01
9.594740867614746094e-01
9.580070972442626953e-01
9.442343711853027344e-01
9.561386704444885254e-01
9.585966467857360840e-01
9.636163711547851562e-01
9.586045742034912109e-01
9.641435742378234863e-01
9.486666917800903320e-01
9.386090040206909180e-01
9.607232213020324707e-01
9.636872410774230957e-01
9.577466845512390137e-01
9.575636386871337891e-01
9.576972126960754395e-01
